1.0	0.18280000000000104	0.195800000000001	0.21300000000000102	0.180600000000001	0.190400000000001	0.207400000000001	0.186200000000001	0.174600000000001	0.18400000000000102	
2.0	0.21100000000000102	0.22960000000000105	0.23940000000000103	0.21200000000000102	0.22340000000000104	0.24000000000000102	0.22140000000000104	0.20220000000000105	0.21560000000000104	
3.0	0.2894000000000011	0.3020000000000011	0.3250000000000011	0.26820000000000105	0.2836000000000011	0.3010000000000011	0.27320000000000105	0.25600000000000106	0.2720000000000011	
4.0	0.24740000000000106	0.2634000000000011	0.2854000000000011	0.23160000000000106	0.24160000000000104	0.2644000000000011	0.23840000000000106	0.22160000000000105	0.23600000000000104	
5.0	0.2858000000000011	0.3124000000000011	0.3360000000000011	0.2914000000000011	0.3012000000000011	0.3192000000000011	0.29040000000000105	0.25360000000000105	0.26860000000000106	
6.0	0.3056000000000011	0.32320000000000115	0.3406000000000011	0.294600000000001	0.3144000000000011	0.3320000000000011	0.30480000000000107	0.27120000000000105	0.286600000000001	
7.0	0.2654000000000011	0.2850000000000011	0.31000000000000105	0.25340000000000107	0.271000000000001	0.289600000000001	0.2574000000000011	0.23700000000000107	0.2572000000000011	
8.0	0.2654000000000011	0.28140000000000104	0.2972000000000011	0.262000000000001	0.28120000000000106	0.29420000000000107	0.26420000000000105	0.23640000000000105	0.24980000000000108	
9.0	0.27520000000000105	0.30460000000000104	0.3258000000000011	0.26700000000000107	0.2934000000000011	0.33160000000000106	0.2884000000000011	0.2464000000000011	0.26560000000000106	
10.0	0.2778000000000011	0.30000000000000115	0.3182000000000011	0.2798000000000011	0.29780000000000106	0.3162000000000011	0.28700000000000103	0.26020000000000104	0.274000000000001	
11.0	0.27120000000000105	0.31040000000000106	0.33540000000000114	0.2730000000000011	0.292600000000001	0.3228000000000011	0.2728000000000011	0.24100000000000102	0.26520000000000105	
12.0	0.2644000000000011	0.28140000000000104	0.3032000000000011	0.25760000000000105	0.27820000000000106	0.2928000000000011	0.258000000000001	0.24000000000000102	0.2562000000000011	
13.0	0.295400000000001	0.3304000000000011	0.3516000000000011	0.2952000000000011	0.31100000000000105	0.325000000000001	0.2836000000000011	0.25860000000000105	0.27080000000000104	
14.0	0.3062000000000011	0.3456000000000011	0.3694000000000011	0.2958000000000011	0.3186000000000011	0.343000000000001	0.30160000000000103	0.27060000000000106	0.29400000000000104	
15.0	0.27460000000000107	0.30160000000000103	0.32220000000000104	0.273000000000001	0.291800000000001	0.317000000000001	0.28020000000000106	0.256000000000001	0.27880000000000105	
16.0	0.25020000000000103	0.27640000000000103	0.2920000000000011	0.24680000000000102	0.261400000000001	0.27440000000000103	0.247200000000001	0.22600000000000103	0.23760000000000103	
17.0	0.21680000000000096	0.229400000000001	0.24600000000000102	0.21540000000000104	0.23040000000000102	0.24120000000000102	0.21820000000000103	0.202000000000001	0.214200000000001	
18.0	0.177400000000001	0.18960000000000105	0.20420000000000102	0.181600000000001	0.19200000000000103	0.20140000000000102	0.186200000000001	0.17620000000000102	0.18400000000000102	
19.0	0.14220000000000102	0.15400000000000102	0.16540000000000102	0.15280000000000105	0.16100000000000103	0.171000000000001	0.16160000000000102	0.154400000000001	0.162400000000001	
20.0	0.17720000000000102	0.19200000000000103	0.206400000000001	0.184200000000001	0.195200000000001	0.20420000000000102	0.18760000000000104	0.176600000000001	0.18640000000000106	
21.0	0.24820000000000106	0.265000000000001	0.282400000000001	0.24560000000000098	0.26260000000000105	0.27380000000000104	0.255000000000001	0.23220000000000104	0.24520000000000103	
22.0	0.276000000000001	0.30300000000000105	0.330000000000001	0.27740000000000103	0.2918000000000011	0.305800000000001	0.27220000000000105	0.25140000000000107	0.27120000000000105	
23.0	0.281400000000001	0.3182000000000011	0.33620000000000105	0.286600000000001	0.3092000000000011	0.3254000000000011	0.29220000000000107	0.268600000000001	0.28280000000000105	
24.0	0.299400000000001	0.32160000000000105	0.34940000000000104	0.30180000000000107	0.319400000000001	0.34820000000000106	0.312000000000001	0.274000000000001	0.29080000000000106	
25.0	0.318000000000001	0.3584000000000011	0.3788000000000011	0.317800000000001	0.3548000000000011	0.3708000000000011	0.32320000000000104	0.290600000000001	0.30700000000000105	
26.0	0.3444000000000011	0.3824000000000011	0.40660000000000107	0.33520000000000105	0.36380000000000107	0.38740000000000113	0.33260000000000106	0.302400000000001	0.315800000000001	
27.0	0.3132000000000011	0.3456000000000011	0.37160000000000104	0.31160000000000104	0.33540000000000103	0.3582000000000011	0.31260000000000104	0.28400000000000103	0.30360000000000104	
28.0	0.29640000000000105	0.3204000000000011	0.3430000000000011	0.2992000000000011	0.319000000000001	0.34260000000000107	0.3022000000000011	0.27920000000000106	0.298800000000001	
29.0	0.29600000000000104	0.31860000000000105	0.34320000000000106	0.294200000000001	0.3148000000000011	0.333000000000001	0.305800000000001	0.28620000000000106	0.30000000000000104	
30.0	0.24720000000000103	0.2708000000000011	0.28720000000000107	0.24880000000000105	0.269000000000001	0.28680000000000105	0.257000000000001	0.23900000000000104	0.252800000000001	
31.0	0.2714000000000011	0.293200000000001	0.31640000000000107	0.263400000000001	0.28140000000000104	0.3022000000000011	0.27440000000000103	0.253000000000001	0.27180000000000104	
32.0	0.26220000000000104	0.28720000000000107	0.30460000000000104	0.25540000000000107	0.27820000000000106	0.29540000000000105	0.262400000000001	0.24260000000000104	0.25460000000000105	
33.0	0.27540000000000103	0.297800000000001	0.31860000000000105	0.27420000000000105	0.286400000000001	0.30180000000000107	0.274000000000001	0.25520000000000104	0.264000000000001	
34.0	0.279000000000001	0.314800000000001	0.33860000000000107	0.280400000000001	0.3002000000000011	0.3162000000000011	0.284400000000001	0.24840000000000106	0.27280000000000104	
35.0	0.3480000000000011	0.37760000000000105	0.4190000000000011	0.3504000000000011	0.3662000000000011	0.38360000000000105	0.353600000000001	0.318000000000001	0.33080000000000104	
36.0	0.340000000000001	0.3792000000000011	0.4212000000000011	0.34040000000000104	0.3642000000000011	0.39320000000000105	0.34620000000000106	0.31040000000000106	0.337000000000001	
37.0	0.3582000000000011	0.38860000000000106	0.42640000000000106	0.3632000000000011	0.3970000000000011	0.42640000000000106	0.38520000000000104	0.34180000000000105	0.37140000000000106	
38.0	0.37860000000000105	0.407000000000001	0.4476000000000011	0.374400000000001	0.41020000000000106	0.4342000000000011	0.375000000000001	0.3458000000000011	0.37040000000000106	
39.0	0.3822000000000011	0.41240000000000104	0.44260000000000105	0.36560000000000104	0.387000000000001	0.407000000000001	0.34980000000000105	0.32380000000000103	0.33820000000000106	
40.0	0.318800000000001	0.35000000000000103	0.376000000000001	0.31060000000000104	0.33220000000000105	0.3538000000000011	0.321000000000001	0.291600000000001	0.30960000000000104	
41.0	0.281400000000001	0.30460000000000104	0.325200000000001	0.2694000000000011	0.289400000000001	0.30380000000000096	0.274200000000001	0.25440000000000107	0.2688000000000011	
42.0	0.20880000000000104	0.22760000000000102	0.24020000000000102	0.20940000000000103	0.21980000000000102	0.23060000000000105	0.21240000000000103	0.19920000000000102	0.21000000000000102	
43.0	0.14720000000000102	0.15800000000000103	0.16960000000000103	0.15880000000000102	0.16660000000000103	0.17220000000000105	0.16400000000000103	0.157200000000001	0.16340000000000102	
44.0	0.22300000000000103	0.24040000000000106	0.256400000000001	0.22280000000000103	0.23700000000000102	0.25160000000000105	0.22840000000000105	0.21400000000000102	0.22560000000000102	
45.0	0.281800000000001	0.305400000000001	0.33260000000000106	0.28400000000000103	0.301800000000001	0.318000000000001	0.283200000000001	0.261000000000001	0.279600000000001	
46.0	0.37440000000000107	0.397000000000001	0.43100000000000105	0.35680000000000106	0.385000000000001	0.4148000000000011	0.35540000000000105	0.327200000000001	0.34800000000000103	
47.0	0.4352000000000011	0.4720000000000011	0.49180000000000107	0.4038000000000011	0.434000000000001	0.464400000000001	0.39760000000000106	0.36840000000000106	0.3868000000000011	
48.0	0.4428000000000011	0.4676000000000011	0.5084000000000011	0.41800000000000104	0.4488000000000011	0.4800000000000011	0.41400000000000103	0.375400000000001	0.405200000000001	
49.0	0.44240000000000107	0.468000000000001	0.49660000000000104	0.42580000000000107	0.45320000000000105	0.4872000000000011	0.4322000000000011	0.397200000000001	0.4168000000000011	
50.0	0.4518000000000011	0.4948000000000011	0.5494000000000011	0.46020000000000105	0.4914000000000011	0.522800000000001	0.46360000000000107	0.4194000000000011	0.44500000000000106	
51.0	0.44700000000000106	0.4868000000000011	0.5302000000000012	0.4388000000000011	0.47020000000000106	0.5064000000000011	0.44400000000000106	0.4028000000000011	0.42880000000000107	
52.0	0.45480000000000104	0.5004000000000011	0.536800000000001	0.44540000000000113	0.48220000000000107	0.5130000000000011	0.45460000000000106	0.4124000000000011	0.44540000000000113	
53.0	0.49720000000000114	0.5314000000000012	0.5640000000000012	0.4962000000000011	0.5352000000000011	0.5626000000000011	0.49380000000000107	0.44060000000000105	0.4644000000000011	
54.0	0.49660000000000115	0.5434000000000011	0.5902000000000012	0.48600000000000115	0.529800000000001	0.5620000000000012	0.5042000000000011	0.4644000000000011	0.49400000000000116	
55.0	0.5022000000000011	0.5516000000000012	0.6098000000000011	0.4958000000000011	0.5424000000000012	0.5908000000000011	0.5144000000000011	0.46800000000000114	0.5146000000000011	
56.0	0.5688000000000011	0.6160000000000011	0.6586000000000012	0.5614000000000011	0.6090000000000011	0.6462000000000012	0.5704000000000011	0.5210000000000011	0.5522000000000011	
57.0	0.6034000000000013	0.6782000000000011	0.7242000000000012	0.6172000000000012	0.6690000000000011	0.7222000000000012	0.6322000000000012	0.5558000000000011	0.5944000000000011	
58.0	0.6340000000000011	0.6912000000000011	0.7622000000000012	0.643800000000001	0.7120000000000013	0.7542000000000012	0.6780000000000012	0.6138000000000012	0.6436000000000011	
59.0	0.6866000000000012	0.7488000000000014	0.8066000000000013	0.6770000000000013	0.7280000000000011	0.7860000000000013	0.6826000000000013	0.6120000000000011	0.6626000000000012	
60.0	0.7030000000000013	0.7780000000000012	0.8668000000000012	0.7368000000000012	0.8018000000000013	0.8570000000000012	0.7478000000000014	0.6560000000000011	0.7174000000000013	
61.0	0.7878000000000013	0.8850000000000011	0.9440000000000014	0.7716000000000013	0.8382000000000012	0.9060000000000014	0.7820000000000012	0.6992000000000012	0.7512000000000012	
62.0	0.8028000000000013	0.8824000000000012	0.9370000000000014	0.7948000000000013	0.8610000000000012	0.9374000000000012	0.8204000000000012	0.7424000000000013	0.7982000000000011	
63.0	0.9134000000000012	0.9926000000000013	1.0558000000000016	0.8828000000000014	0.9546000000000012	1.0176000000000014	0.8942000000000012	0.7940000000000013	0.8514000000000013	
64.0	0.9016000000000013	0.9694000000000014	1.0480000000000014	0.8648000000000012	0.9288000000000013	1.0150000000000012	0.8838000000000014	0.7660000000000012	0.8364000000000013	
65.0	0.8940000000000012	0.9802000000000012	1.0744000000000011	0.8778000000000014	0.9372000000000011	1.0014000000000012	0.8624000000000013	0.7670000000000012	0.8334000000000013	
66.0	0.7764000000000012	0.8622000000000012	0.9458000000000013	0.7522000000000012	0.8208000000000012	0.8826000000000013	0.7752000000000012	0.6854000000000012	0.7344000000000013	
67.0	0.8400000000000014	0.9166000000000013	0.9898000000000013	0.7560000000000011	0.8384000000000013	0.9028000000000013	0.7662000000000012	0.6692000000000011	0.7312000000000012	
68.0	0.8498000000000013	0.9218000000000012	1.0048000000000012	0.8034000000000012	0.8922000000000012	0.9714000000000013	0.8106000000000013	0.6980000000000012	0.7568000000000012	
69.0	0.8178000000000013	0.9038000000000013	0.9672000000000013	0.7270000000000011	0.7922000000000012	0.8718000000000012	0.7534000000000012	0.6636000000000013	0.7092000000000012	
70.0	0.8118000000000013	0.8968000000000014	1.0088000000000013	0.7530000000000011	0.8260000000000012	0.8988000000000013	0.7842000000000012	0.6978000000000011	0.7706000000000013	
71.0	0.7998000000000012	0.8956000000000013	0.9710000000000014	0.7650000000000011	0.8324000000000013	0.9154000000000012	0.7914000000000012	0.6990000000000012	0.7446000000000013	
72.0	0.7780000000000012	0.8784000000000012	0.9596000000000012	0.7648000000000011	0.8264000000000012	0.8940000000000012	0.7686000000000012	0.6956000000000011	0.7460000000000011	
73.0	0.8202000000000012	0.9380000000000013	1.0440000000000011	0.7732000000000011	0.8542000000000012	0.9288000000000012	0.7906000000000011	0.695600000000001	0.7524000000000011	
74.0	0.8780000000000012	0.9864000000000013	1.0760000000000014	0.8434000000000013	0.9424000000000012	1.0066000000000013	0.8444000000000013	0.7434000000000011	0.8108000000000012	
75.0	0.8604000000000013	0.9662000000000012	1.0348000000000013	0.8220000000000013	0.8916000000000013	0.9786000000000012	0.8278000000000011	0.7558000000000011	0.8104000000000012	
76.0	0.8934000000000012	1.0132000000000012	1.1120000000000014	0.8910000000000012	0.9570000000000013	1.024200000000001	0.8672000000000012	0.7928000000000012	0.8416000000000011	
77.0	0.9070000000000014	1.0450000000000013	1.1310000000000013	0.8668000000000011	0.9584000000000013	1.0216000000000012	0.849600000000001	0.7622000000000011	0.8178000000000011	
78.0	0.9540000000000014	1.0454000000000014	1.1308000000000014	0.9024000000000012	0.9732000000000013	1.0560000000000014	0.9160000000000011	0.8148000000000012	0.8820000000000011	
79.0	1.0004000000000013	1.0934000000000015	1.1790000000000014	0.9510000000000014	1.0172000000000012	1.0960000000000014	0.9344000000000012	0.8244000000000012	0.8918000000000013	
80.0	1.0524000000000016	1.1336000000000013	1.2402000000000017	0.9844000000000013	1.0750000000000013	1.1428000000000014	0.9790000000000013	0.8782000000000012	0.9488000000000012	
81.0	0.9872000000000013	1.0884000000000011	1.1932000000000014	0.9746000000000012	1.0370000000000013	1.1286000000000014	0.9680000000000011	0.8574000000000013	0.9250000000000014	
82.0	1.0638000000000016	1.1756000000000013	1.2720000000000014	1.0212000000000012	1.1100000000000014	1.1724000000000014	1.0006000000000013	0.8896000000000013	0.9722000000000013	
83.0	1.0880000000000014	1.1868000000000014	1.2846000000000013	1.0332000000000012	1.127800000000001	1.2228000000000012	1.0520000000000014	0.9538000000000013	1.0136000000000012	
84.0	1.2060000000000013	1.3212000000000015	1.4024000000000014	1.1620000000000013	1.2406000000000013	1.3068000000000013	1.1408000000000014	1.0062000000000013	1.0720000000000014	
85.0	1.1890000000000014	1.2968000000000015	1.4336000000000015	1.1140000000000014	1.2480000000000013	1.3470000000000015	1.1454000000000015	0.9918000000000013	1.0744000000000011	
86.0	1.2102000000000015	1.3032000000000015	1.4200000000000013	1.1622000000000015	1.2432000000000014	1.3234000000000015	1.1346000000000012	1.0342000000000011	1.1154000000000015	
87.0	1.3372000000000015	1.4512000000000016	1.5872000000000015	1.2538000000000014	1.3752000000000015	1.4746000000000017	1.2668000000000015	1.1362000000000012	1.1998000000000013	
88.0	1.2852000000000015	1.3890000000000016	1.4908000000000015	1.1886000000000014	1.2938000000000016	1.3966000000000016	1.2026000000000012	1.0756000000000012	1.1638000000000013	
89.0	1.2226000000000012	1.3156000000000012	1.4522000000000017	1.1516000000000013	1.2658000000000014	1.3608000000000016	1.1746000000000012	1.057000000000001	1.1214000000000015	
90.0	1.2004000000000015	1.3074000000000014	1.3968000000000016	1.1024000000000012	1.2230000000000014	1.3222000000000016	1.1202000000000014	0.9894000000000013	1.0858000000000012	
91.0	1.2582000000000013	1.3790000000000013	1.4766000000000015	1.1828000000000014	1.2770000000000015	1.3446000000000016	1.1858000000000013	1.0718000000000014	1.1354000000000013	
92.0	1.2626000000000015	1.3980000000000015	1.5090000000000015	1.2156000000000013	1.3242000000000014	1.4000000000000015	1.2304000000000015	1.1056000000000012	1.1808000000000014	
93.0	1.1508000000000014	1.2838000000000016	1.3920000000000015	1.0892000000000013	1.1830000000000014	1.2602000000000013	1.0908000000000013	0.9726000000000012	1.0488000000000013	
94.0	1.2030000000000014	1.2966000000000013	1.4040000000000015	1.1200000000000014	1.2290000000000014	1.3054000000000014	1.1354000000000015	1.0210000000000012	1.0894000000000013	
95.0	1.2354000000000014	1.3604000000000014	1.4718000000000016	1.1864000000000015	1.2866000000000013	1.349800000000001	1.1850000000000014	1.0484000000000013	1.1336000000000013	
96.0	1.2674000000000014	1.3804000000000014	1.4784000000000015	1.1728000000000012	1.2606000000000013	1.3664000000000014	1.201800000000001	1.1070000000000013	1.1754000000000013	
97.0	1.2948000000000013	1.4096000000000015	1.5328000000000015	1.2148000000000012	1.3126000000000013	1.3896000000000015	1.2118000000000013	1.1040000000000012	1.1854000000000016	
98.0	1.2938000000000014	1.4482000000000013	1.5408000000000015	1.2634000000000012	1.3380000000000014	1.4188000000000016	1.2556000000000014	1.1348000000000011	1.216000000000001	
99.0	1.3264000000000014	1.4588000000000017	1.5740000000000016	1.254800000000001	1.3678000000000015	1.4632000000000016	1.2680000000000013	1.1490000000000014	1.2376000000000014	
100.0	1.3630000000000013	1.5426000000000015	1.6512000000000013	1.3082000000000014	1.4206000000000012	1.5270000000000017	1.3406000000000013	1.187800000000001	1.2862000000000011	
101.0	1.4250000000000014	1.5336000000000014	1.6514000000000015	1.3350000000000013	1.4508000000000016	1.5274000000000014	1.3568000000000013	1.2314000000000014	1.3156000000000012	
102.0	1.4134000000000015	1.5270000000000015	1.6226000000000018	1.3820000000000014	1.4466000000000014	1.5318000000000014	1.373200000000001	1.2430000000000014	1.3284000000000014	
103.0	1.4170000000000014	1.5468000000000015	1.6812000000000016	1.3972000000000013	1.4896000000000018	1.5836000000000017	1.4200000000000013	1.2592000000000012	1.3638000000000015	
104.0	1.5474000000000014	1.6650000000000016	1.7612000000000017	1.4866000000000017	1.5746000000000018	1.6562000000000017	1.4678000000000015	1.3510000000000013	1.4230000000000016	
105.0	1.5832000000000015	1.6808000000000016	1.7632000000000017	1.5100000000000013	1.5940000000000014	1.6596000000000015	1.5010000000000017	1.3764000000000014	1.4526000000000012	
106.0	1.5598000000000016	1.6788000000000016	1.777000000000002	1.4978000000000016	1.5804000000000014	1.6354000000000015	1.4782000000000015	1.3528000000000016	1.4342000000000015	
107.0	1.5986000000000016	1.7062000000000017	1.8042000000000018	1.5566000000000015	1.6148000000000016	1.6664000000000019	1.5096000000000016	1.3768000000000016	1.4478000000000015	
108.0	1.6250000000000016	1.7318000000000018	1.8398000000000017	1.5748000000000015	1.6484000000000016	1.7182000000000017	1.5536000000000016	1.4144000000000014	1.4798000000000016	
109.0	1.6306000000000018	1.7126000000000017	1.8076000000000016	1.5720000000000014	1.6510000000000018	1.7116000000000018	1.5534000000000014	1.4414000000000013	1.4920000000000013	
110.0	1.6918000000000015	1.8086000000000018	1.9024000000000019	1.6482000000000017	1.7378000000000016	1.8004000000000018	1.6360000000000015	1.5208000000000013	1.5756000000000014	
111.0	1.6906000000000017	1.8014000000000017	1.8792000000000018	1.6080000000000017	1.6810000000000018	1.7370000000000017	1.5820000000000014	1.4568000000000016	1.5112000000000014	
112.0	1.6732000000000016	1.7786000000000017	1.8592000000000017	1.6034000000000015	1.6856000000000018	1.7354000000000014	1.5602000000000016	1.4500000000000015	1.5030000000000014	
113.0	1.6686000000000016	1.8040000000000018	1.8874000000000017	1.5998000000000014	1.6856000000000015	1.7306000000000015	1.5638000000000016	1.4236000000000013	1.5008000000000012	
114.0	1.6912000000000016	1.8068000000000015	1.8938000000000015	1.6110000000000015	1.7154000000000018	1.7652000000000017	1.5956000000000017	1.4328000000000016	1.5064000000000015	
115.0	1.7380000000000018	1.8660000000000019	1.944400000000002	1.6556000000000015	1.7324000000000015	1.8040000000000016	1.6420000000000015	1.4988000000000015	1.5510000000000013	
116.0	1.6640000000000013	1.7830000000000017	1.8676000000000017	1.5522000000000016	1.6364000000000014	1.7216000000000018	1.5296000000000012	1.3862000000000014	1.4390000000000014	
117.0	1.6594000000000018	1.8052000000000017	1.900000000000002	1.6186000000000016	1.7124000000000015	1.7682000000000015	1.5898000000000017	1.4556000000000016	1.5086000000000015	
118.0	1.6602000000000017	1.7834000000000017	1.8610000000000018	1.5810000000000013	1.6828000000000016	1.7652000000000017	1.5726000000000016	1.4532000000000014	1.5154000000000014	
119.0	1.7042000000000017	1.8064000000000018	1.8542000000000016	1.6246000000000016	1.6930000000000018	1.7614000000000014	1.6152000000000017	1.4762000000000015	1.5334000000000014	
120.0	1.6932000000000016	1.8090000000000015	1.9108000000000018	1.6344000000000014	1.7354000000000016	1.793000000000002	1.6438000000000015	1.5184000000000015	1.5796000000000014	
121.0	1.7484000000000017	1.8516000000000017	1.9590000000000019	1.6842000000000017	1.7844000000000015	1.8550000000000018	1.6708000000000016	1.5236000000000012	1.5916000000000015	
122.0	1.7760000000000016	1.9082000000000017	1.9928000000000017	1.7678000000000018	1.8514000000000017	1.9086000000000016	1.7700000000000016	1.6552000000000013	1.7102000000000017	
123.0	1.7168000000000014	1.8376000000000017	1.9052000000000016	1.6436000000000015	1.7084000000000015	1.7624000000000017	1.5946000000000013	1.4880000000000013	1.5392000000000015	
124.0	1.8024000000000018	1.8896000000000015	1.9496000000000018	1.6990000000000016	1.7768000000000015	1.8408000000000018	1.6946000000000017	1.5594000000000017	1.6250000000000013	
125.0	1.7976000000000016	1.911400000000002	1.9912000000000016	1.7420000000000015	1.8252000000000017	1.8826000000000018	1.7222000000000017	1.5978000000000014	1.6686000000000016	
126.0	1.8220000000000016	1.8944000000000019	1.9746000000000017	1.7256000000000016	1.7842000000000016	1.8508000000000016	1.6966000000000017	1.5690000000000015	1.6346000000000016	
127.0	1.9076000000000015	2.0050000000000017	2.0596000000000023	1.8220000000000016	1.8868000000000016	1.9362000000000017	1.8110000000000015	1.6840000000000015	1.7434000000000016	
128.0	1.8278000000000016	1.909600000000002	1.9560000000000017	1.7650000000000015	1.8238000000000016	1.8658000000000015	1.7278000000000016	1.6094000000000015	1.6634000000000018	
129.0	1.831400000000002	1.9058000000000017	1.9638000000000015	1.7486000000000015	1.8196000000000017	1.8650000000000018	1.7062000000000017	1.5540000000000014	1.6298000000000015	
130.0	1.864800000000002	1.934400000000002	1.9926000000000017	1.7962000000000016	1.8472000000000017	1.8912000000000015	1.7552000000000016	1.6330000000000016	1.6762000000000017	
131.0	1.9552000000000016	2.0244000000000018	2.0796000000000023	1.8608000000000016	1.9058000000000017	1.9586000000000017	1.8096000000000017	1.6816000000000018	1.7292000000000016	
132.0	1.8890000000000018	1.9856000000000018	2.0268000000000015	1.7664000000000017	1.8254000000000015	1.8938000000000015	1.7402000000000017	1.6120000000000014	1.6664000000000014	
133.0	1.9246000000000016	2.0050000000000017	2.059800000000002	1.8264000000000016	1.8804000000000016	1.9266000000000016	1.7712000000000017	1.6320000000000017	1.6892000000000016	
134.0	1.9614000000000018	2.0290000000000017	2.0860000000000016	1.8644000000000018	1.9102000000000021	1.9608000000000019	1.806400000000002	1.6696000000000015	1.7332000000000016	
135.0	1.8462000000000016	1.9172000000000016	1.9702000000000017	1.7192000000000016	1.777000000000002	1.8252000000000017	1.6606000000000014	1.5358000000000016	1.5960000000000014	
136.0	1.9106000000000016	2.002800000000002	2.051400000000002	1.8020000000000016	1.8536000000000017	1.9212000000000018	1.7470000000000017	1.6062000000000016	1.6502000000000017	
137.0	1.9678000000000018	2.018600000000002	2.0702000000000016	1.8222000000000016	1.8782000000000016	1.9324000000000017	1.7560000000000016	1.6170000000000015	1.6658000000000015	
138.0	1.8786000000000018	1.951200000000002	2.008000000000002	1.7446000000000017	1.8008000000000017	1.8428000000000015	1.6746000000000014	1.5548000000000015	1.6098000000000015	
139.0	1.865200000000002	1.9302000000000017	1.9832000000000016	1.7240000000000015	1.7718000000000016	1.8160000000000018	1.6416000000000015	1.4976000000000016	1.5508000000000015	
140.0	1.8662000000000016	1.9338000000000017	1.9760000000000018	1.7306000000000017	1.7852000000000017	1.8354000000000017	1.6732000000000016	1.5244000000000015	1.5730000000000013	
141.0	1.8866000000000018	1.9364000000000017	1.9900000000000018	1.7506000000000015	1.7962000000000016	1.8420000000000016	1.6744000000000017	1.5252000000000017	1.5888000000000015	
142.0	1.9092000000000018	1.964800000000002	2.0102000000000015	1.7514000000000016	1.8056000000000016	1.8544000000000014	1.6722000000000017	1.5506000000000015	1.5996000000000015	
143.0	1.9006000000000016	1.9558000000000018	1.9916000000000018	1.7326000000000017	1.8012000000000017	1.8422000000000016	1.6882000000000017	1.5262000000000016	1.5794000000000015	
144.0	1.8450000000000017	1.9044000000000019	1.937200000000002	1.7058000000000015	1.7454000000000014	1.7914000000000014	1.6410000000000013	1.5060000000000013	1.5736000000000014	
145.0	1.9176000000000017	1.9676000000000018	2.0132000000000017	1.7716000000000016	1.8172000000000017	1.8518000000000017	1.6894000000000018	1.5560000000000014	1.6282000000000016	
146.0	1.8458000000000014	1.8922000000000017	1.958600000000002	1.7146000000000015	1.7688000000000015	1.8144000000000013	1.6554000000000015	1.5196000000000014	1.5716000000000014	
147.0	1.922000000000002	1.9780000000000018	2.025400000000002	1.7638000000000016	1.8250000000000017	1.8716000000000017	1.7116000000000018	1.5862000000000016	1.6336000000000015	
148.0	1.9554000000000018	2.0168000000000017	2.054800000000002	1.809400000000002	1.8656000000000017	1.9156000000000017	1.7214000000000016	1.5868000000000015	1.6424000000000014	
149.0	1.912000000000002	1.964800000000002	2.014000000000002	1.7632000000000017	1.817400000000002	1.8640000000000019	1.6836000000000018	1.5558000000000016	1.6200000000000017	
150.0	1.9362000000000021	1.989600000000002	2.0546000000000015	1.8168000000000017	1.8760000000000019	1.930600000000002	1.7522000000000015	1.6138000000000015	1.6724000000000017	
151.0	1.8720000000000019	1.940400000000002	1.9872000000000019	1.7442000000000015	1.7934000000000017	1.8468000000000018	1.6824000000000014	1.5680000000000014	1.6164000000000014	
152.0	1.8698000000000015	1.9356000000000018	1.9906000000000017	1.7484000000000017	1.8104000000000018	1.8626000000000018	1.6918000000000015	1.5730000000000013	1.6212000000000015	
153.0	1.9248000000000018	1.9702000000000022	2.042000000000002	1.8016000000000016	1.8526000000000018	1.8980000000000017	1.7260000000000018	1.5908000000000015	1.6402000000000017	
154.0	1.9394000000000018	1.9978000000000016	2.049400000000002	1.8050000000000017	1.8682000000000016	1.913800000000002	1.7732000000000017	1.6314000000000015	1.6802000000000017	
155.0	1.9260000000000017	1.9832000000000016	2.046000000000002	1.8040000000000018	1.8710000000000018	1.925400000000002	1.7132000000000016	1.5636000000000014	1.6268000000000016	
156.0	1.8792000000000015	1.9490000000000016	2.0280000000000022	1.7754000000000014	1.8424000000000014	1.8938000000000015	1.7188000000000014	1.5814000000000015	1.6434000000000015	
157.0	1.8714000000000017	1.9276000000000018	1.9736000000000018	1.7476000000000018	1.8192000000000017	1.8678000000000015	1.6800000000000015	1.5362000000000016	1.6036000000000015	
158.0	1.913800000000002	1.9714000000000018	2.0284000000000018	1.7960000000000016	1.8582000000000016	1.9046000000000016	1.7096000000000016	1.5732000000000017	1.6278000000000015	
159.0	1.8688000000000016	1.9518000000000015	2.005400000000002	1.7290000000000016	1.787000000000002	1.8342000000000016	1.6606000000000016	1.5308000000000015	1.5810000000000013	
160.0	1.8462000000000018	1.9286000000000016	1.9860000000000018	1.6884000000000015	1.755000000000002	1.7986000000000018	1.6340000000000017	1.5076000000000016	1.5552000000000017	
161.0	1.8836000000000017	1.9546000000000017	2.011600000000002	1.7736000000000016	1.8190000000000015	1.8696000000000017	1.6958000000000015	1.5474000000000014	1.6006000000000016	
162.0	1.7892000000000017	1.8752000000000015	1.9336000000000018	1.6804000000000017	1.7464000000000015	1.7896000000000016	1.6016000000000015	1.4666000000000015	1.5184000000000015	
163.0	1.8340000000000016	1.9148000000000018	1.9518000000000015	1.7202000000000017	1.7648000000000015	1.8062000000000016	1.6434000000000015	1.5100000000000013	1.5588000000000015	
164.0	1.8630000000000018	1.944200000000002	1.9974000000000018	1.7376000000000018	1.7954000000000014	1.8458000000000014	1.6484000000000016	1.5286000000000013	1.5754000000000015	
165.0	1.8516000000000017	1.923400000000002	1.9948000000000015	1.7362000000000017	1.8034000000000017	1.8492000000000017	1.6774000000000016	1.5698000000000016	1.6128000000000016	
166.0	1.9004000000000019	1.975200000000002	2.024000000000002	1.7614000000000019	1.8240000000000018	1.8782000000000019	1.6992000000000016	1.5648000000000015	1.6318000000000015	
167.0	1.8752000000000018	1.9376000000000018	1.9836000000000018	1.7324000000000015	1.7920000000000018	1.8482000000000016	1.6684000000000017	1.5424000000000015	1.5942000000000016	
168.0	1.9256000000000018	2.0012000000000016	2.057400000000002	1.8046000000000018	1.8630000000000015	1.9216000000000018	1.7516000000000018	1.6156000000000015	1.6836000000000018	
169.0	1.8866000000000018	1.9708000000000019	2.027000000000002	1.7652000000000017	1.8236000000000017	1.8776000000000017	1.6752000000000016	1.5442000000000016	1.5958000000000014	
170.0	1.9578000000000015	2.0246000000000017	2.0676000000000023	1.7914000000000017	1.8564000000000016	1.9022000000000017	1.7440000000000013	1.5912000000000015	1.6546000000000014	
171.0	1.9372000000000016	2.0270000000000015	2.0788000000000015	1.8132000000000017	1.8666000000000016	1.9118000000000017	1.7384000000000015	1.6004000000000014	1.6690000000000014	
172.0	1.9662000000000022	2.046000000000002	2.099600000000002	1.8260000000000018	1.8924000000000014	1.9408000000000019	1.7162000000000017	1.5556000000000016	1.6240000000000017	
173.0	1.8972000000000016	1.9754000000000016	2.018200000000002	1.7554000000000014	1.8092000000000017	1.8542000000000016	1.6666000000000014	1.5346000000000017	1.6016000000000017	
174.0	1.9130000000000018	1.9832000000000016	2.054600000000002	1.759000000000002	1.8232000000000017	1.8718000000000017	1.7004000000000017	1.5736000000000014	1.6366000000000018	
175.0	1.939400000000002	2.004000000000002	2.0540000000000016	1.7976000000000016	1.8502000000000016	1.9048000000000018	1.7256000000000018	1.5862000000000016	1.6556000000000015	
176.0	1.8532000000000017	1.9532000000000016	2.012600000000002	1.7326000000000015	1.8000000000000018	1.8666000000000018	1.6780000000000013	1.5410000000000013	1.5990000000000013	
177.0	1.9262000000000017	2.004600000000002	2.063400000000002	1.7678000000000016	1.8348000000000018	1.8958000000000015	1.7222000000000017	1.5562000000000016	1.6126000000000016	
178.0	1.922000000000002	1.9792000000000018	2.019400000000002	1.7804000000000015	1.8336000000000017	1.8730000000000018	1.7078000000000015	1.5598000000000016	1.6300000000000014	
179.0	1.7860000000000018	1.8884000000000019	1.9438000000000017	1.6948000000000016	1.7554000000000016	1.8154000000000017	1.6340000000000017	1.4774000000000014	1.5452000000000015	
180.0	1.9290000000000018	1.9914000000000018	2.038800000000002	1.7504000000000017	1.8116000000000017	1.8600000000000019	1.7042000000000017	1.5784000000000014	1.6332000000000015	
181.0	1.888000000000002	1.959600000000002	1.997800000000002	1.7178000000000015	1.7882000000000016	1.8442000000000016	1.6600000000000017	1.5184000000000015	1.5820000000000016	
182.0	1.9512000000000018	2.0360000000000023	2.0850000000000017	1.7872000000000017	1.8482000000000016	1.8904000000000019	1.7206000000000017	1.5802000000000014	1.6376000000000015	
183.0	1.906000000000002	1.9710000000000019	2.021800000000002	1.7464000000000015	1.8080000000000018	1.8608000000000018	1.6888000000000016	1.5644000000000013	1.6152000000000017	
184.0	1.8940000000000017	1.9402000000000017	1.9756000000000018	1.7438000000000016	1.797000000000002	1.8356000000000017	1.6790000000000014	1.5356000000000016	1.5908000000000015	
185.0	1.923800000000002	2.010200000000002	2.056400000000002	1.7924000000000018	1.8484000000000018	1.9026000000000016	1.7338000000000016	1.5958000000000014	1.6490000000000016	
186.0	1.8552000000000017	1.9074000000000018	1.9594000000000018	1.7106000000000015	1.7688000000000015	1.8182000000000016	1.6492000000000013	1.5182000000000015	1.5744000000000014	
187.0	2.003800000000002	2.0584000000000016	2.109800000000002	1.8492000000000017	1.901400000000002	1.938400000000002	1.7714000000000014	1.6306000000000018	1.6938000000000015	
188.0	1.900000000000002	1.9588000000000017	2.003600000000002	1.7456000000000016	1.803400000000002	1.8394000000000015	1.6886000000000017	1.5632000000000015	1.5984000000000014	
189.0	1.8998000000000017	1.9574000000000016	2.002400000000002	1.7638000000000016	1.8114000000000017	1.8558000000000014	1.7106000000000017	1.5752000000000017	1.6208000000000016	
190.0	1.9108000000000018	1.9776000000000018	2.0370000000000017	1.7614000000000016	1.8202000000000016	1.8804000000000018	1.6998000000000015	1.5654000000000015	1.6228000000000016	
191.0	1.9162000000000017	1.9644000000000017	2.005400000000002	1.7602000000000015	1.8356000000000017	1.8782000000000016	1.7046000000000017	1.5598000000000016	1.6130000000000013	
192.0	1.9382000000000021	1.986200000000002	2.0212000000000017	1.7886000000000017	1.8502000000000016	1.8868000000000018	1.7268000000000014	1.5544000000000018	1.6262000000000016	
193.0	1.9232000000000018	1.9768000000000017	2.018800000000002	1.7490000000000017	1.8252000000000017	1.8598000000000017	1.7110000000000016	1.5472000000000017	1.6142000000000014	
194.0	1.8424000000000016	1.9036000000000017	1.9600000000000017	1.7402000000000017	1.7898000000000016	1.8364000000000018	1.6728000000000016	1.5324000000000015	1.5774000000000015	
195.0	1.9148000000000016	1.9850000000000019	2.040200000000002	1.7792000000000017	1.8394000000000015	1.8884000000000016	1.7126000000000017	1.5520000000000014	1.6322000000000014	
196.0	1.8964000000000016	1.9548000000000019	2.006200000000002	1.7438000000000016	1.785000000000002	1.8406000000000018	1.6744000000000014	1.5520000000000014	1.6170000000000013	
197.0	1.9292000000000016	1.9930000000000019	2.036200000000002	1.7826000000000017	1.8300000000000018	1.891400000000002	1.7242000000000015	1.5912000000000017	1.6418000000000015	
198.0	1.9226000000000016	1.9754000000000018	2.027000000000002	1.7806000000000017	1.8298000000000019	1.878000000000002	1.7220000000000018	1.5968000000000016	1.6440000000000017	
199.0	1.9472000000000018	2.0182000000000015	2.0616000000000017	1.8160000000000018	1.8702000000000019	1.9318000000000017	1.7506000000000017	1.6118000000000015	1.6690000000000016	
200.0	1.9632000000000018	2.0404000000000018	2.097800000000002	1.8400000000000019	1.9092000000000016	1.9608000000000019	1.7760000000000018	1.6346000000000016	1.6934000000000013	
201.0	1.9388000000000019	2.010800000000002	2.074400000000002	1.7704000000000018	1.8302000000000016	1.8926000000000018	1.7124000000000015	1.5936000000000017	1.6442000000000017	
202.0	1.8984000000000019	1.9602000000000017	2.005800000000002	1.7726000000000017	1.8138000000000019	1.8756000000000017	1.6962000000000015	1.5620000000000014	1.6124000000000014	
203.0	1.908000000000002	1.992400000000002	2.034200000000002	1.773000000000002	1.8268000000000015	1.875800000000002	1.6938000000000015	1.5662000000000016	1.6322000000000016	
204.0	1.9226000000000016	1.990200000000002	2.031600000000002	1.797000000000002	1.8542000000000016	1.8976000000000017	1.7070000000000018	1.5632000000000015	1.6100000000000017	
205.0	1.8824000000000016	1.9490000000000018	1.9848000000000017	1.7596000000000018	1.8180000000000018	1.8496000000000017	1.6850000000000016	1.5422000000000016	1.5998000000000014	
206.0	1.9480000000000017	2.008800000000002	2.0622000000000016	1.8164000000000013	1.8806000000000018	1.9184000000000019	1.7634000000000014	1.6176000000000015	1.6686000000000014	
207.0	1.9106000000000016	1.9796000000000018	2.035800000000002	1.7700000000000016	1.8236000000000014	1.8790000000000016	1.7068000000000016	1.5550000000000013	1.6228000000000016	
208.0	1.9198000000000017	1.9690000000000019	2.0266000000000015	1.7480000000000018	1.8274000000000017	1.8730000000000018	1.7038000000000015	1.5616000000000014	1.6244000000000014	
209.0	1.9142000000000017	1.964200000000002	2.014600000000002	1.7082000000000017	1.7638000000000016	1.8204000000000016	1.6440000000000017	1.4982000000000013	1.5448000000000015	
210.0	1.8842000000000019	1.9638000000000018	2.015000000000002	1.7282000000000017	1.7792000000000017	1.8192000000000017	1.6580000000000017	1.5050000000000014	1.5592000000000017	
211.0	1.8844000000000019	1.950800000000002	2.0116000000000023	1.6752000000000016	1.7526000000000017	1.7942000000000016	1.6062000000000014	1.4826000000000015	1.5376000000000012	
212.0	1.8448000000000018	1.9188000000000018	1.9952000000000016	1.6698000000000015	1.7316000000000018	1.776400000000002	1.6060000000000014	1.4488000000000016	1.5088000000000015	
213.0	1.906000000000002	1.9596000000000018	2.016800000000002	1.7510000000000017	1.8026000000000018	1.8530000000000015	1.6858000000000015	1.5388000000000015	1.5918000000000014	
214.0	1.8584000000000018	1.9394000000000018	1.9974000000000016	1.7104000000000017	1.7646000000000017	1.8074000000000014	1.6236000000000015	1.4974000000000014	1.5430000000000013	
215.0	1.8704000000000016	1.9320000000000015	1.9808000000000014	1.6920000000000015	1.7568000000000015	1.7994000000000014	1.6356000000000015	1.4826000000000013	1.5334000000000014	
216.0	1.8942000000000017	1.9518000000000018	2.021400000000002	1.7256000000000018	1.784400000000002	1.8458000000000014	1.6524000000000014	1.5130000000000015	1.5726000000000016	
217.0	1.855400000000002	1.9308000000000018	1.9834000000000018	1.6862000000000017	1.7476000000000018	1.8120000000000018	1.6288000000000014	1.466800000000001	1.5388000000000013	
218.0	1.8548000000000018	1.9242000000000017	1.9706000000000017	1.7406000000000017	1.7900000000000018	1.8300000000000018	1.6758000000000015	1.4966000000000015	1.5542000000000014	
219.0	1.8798000000000017	1.9664000000000017	2.037600000000002	1.7418000000000018	1.8102000000000016	1.8646000000000016	1.6858000000000015	1.5332000000000015	1.5944000000000014	
220.0	1.8906000000000018	1.971200000000002	2.010800000000002	1.7408000000000015	1.8030000000000015	1.8604000000000016	1.6816000000000015	1.5098000000000016	1.5620000000000014	
221.0	1.8832000000000015	1.9530000000000018	2.011000000000002	1.7470000000000014	1.8260000000000016	1.8750000000000018	1.6918000000000015	1.5136000000000012	1.5726000000000016	
222.0	1.8510000000000015	1.9284000000000017	1.9678000000000018	1.6778000000000015	1.7524000000000017	1.7964000000000018	1.6200000000000014	1.4802000000000015	1.5312000000000017	
223.0	1.8948000000000016	1.9660000000000017	2.0206000000000017	1.7696000000000014	1.8214000000000015	1.8568000000000016	1.6916000000000018	1.5416000000000014	1.6086000000000016	
224.0	1.9392000000000018	2.0044000000000017	2.063800000000002	1.7936000000000016	1.8390000000000017	1.8926000000000018	1.7220000000000013	1.5998000000000014	1.6494000000000018	
225.0	1.8946000000000018	1.968200000000002	2.025600000000002	1.7644000000000015	1.8122000000000016	1.8586000000000018	1.7118000000000015	1.5458000000000016	1.6030000000000015	
226.0	1.8890000000000018	1.9466000000000017	2.006200000000002	1.7370000000000017	1.7966000000000018	1.8598000000000015	1.6892000000000016	1.5344000000000015	1.5820000000000014	
227.0	1.8830000000000018	1.9540000000000017	2.0010000000000017	1.7226000000000015	1.777000000000002	1.8296000000000017	1.6604000000000017	1.5248000000000015	1.5846000000000013	
228.0	1.8970000000000018	1.9562000000000017	1.9966000000000017	1.7582000000000015	1.8072000000000017	1.8504000000000016	1.6958000000000015	1.5662000000000016	1.6160000000000014	
229.0	1.9094000000000018	1.9794000000000018	2.0436000000000014	1.7652000000000017	1.8252000000000017	1.8782000000000016	1.6730000000000016	1.5418000000000016	1.6110000000000013	
230.0	1.9994000000000018	2.068000000000002	2.107800000000002	1.8164000000000018	1.894000000000002	1.9444000000000015	1.7716000000000014	1.6220000000000014	1.6810000000000016	
231.0	1.9068000000000016	1.9718000000000018	2.014600000000002	1.7496000000000016	1.7928000000000015	1.8466000000000018	1.6816000000000015	1.5522000000000014	1.5964000000000014	
232.0	1.9316000000000018	2.002600000000002	2.0566000000000018	1.8046000000000018	1.8466000000000018	1.9024000000000019	1.7402000000000017	1.5812000000000017	1.6420000000000017	
233.0	1.9512000000000016	2.011800000000002	2.067800000000002	1.7932000000000017	1.8540000000000019	1.9194000000000018	1.7166000000000017	1.5586000000000015	1.6288000000000016	
234.0	1.9428000000000019	2.015600000000002	2.0566000000000018	1.7898000000000016	1.8596000000000017	1.9062000000000017	1.7498000000000016	1.6018000000000014	1.6602000000000017	
235.0	1.9058000000000015	1.9754000000000016	2.039000000000002	1.793000000000002	1.8466000000000018	1.9056000000000017	1.7218000000000016	1.5686000000000015	1.6430000000000018	
236.0	1.938400000000002	1.992400000000002	2.043800000000002	1.7734000000000016	1.8356000000000015	1.8872000000000015	1.6976000000000018	1.5438000000000016	1.6098000000000015	
237.0	1.8918000000000017	1.9336000000000018	1.980800000000002	1.7578000000000016	1.8146000000000018	1.8542000000000016	1.6796000000000018	1.5232000000000014	1.5950000000000015	
238.0	1.9380000000000015	1.9968000000000015	2.0502000000000016	1.7804000000000018	1.8446000000000018	1.9086000000000014	1.7042000000000017	1.5680000000000014	1.6364000000000014	
239.0	1.8624000000000016	1.9146000000000016	1.9836000000000018	1.7324000000000017	1.7902000000000016	1.8270000000000015	1.6498000000000015	1.4992000000000014	1.5694000000000015	
240.0	1.8724000000000016	1.9216000000000018	1.9714000000000016	1.7052000000000016	1.7602000000000015	1.8106000000000018	1.6416000000000013	1.4958000000000016	1.5636000000000014	
241.0	1.8808000000000018	1.9452000000000016	2.0202000000000018	1.7534000000000016	1.8088000000000015	1.8580000000000019	1.6910000000000016	1.5546000000000015	1.6106000000000016	
242.0	1.9190000000000018	1.9928000000000017	2.036200000000002	1.7710000000000017	1.8334000000000017	1.8802000000000016	1.7036000000000016	1.5650000000000013	1.6330000000000013	
243.0	1.9184000000000017	1.9904000000000017	2.052600000000002	1.7614000000000016	1.829400000000002	1.8756000000000017	1.6990000000000014	1.5558000000000016	1.6166000000000014	
244.0	1.9188000000000016	2.0010000000000017	2.046000000000002	1.7572000000000016	1.8220000000000014	1.8822000000000016	1.6980000000000015	1.5770000000000013	1.6284000000000014	
245.0	1.929400000000002	2.0002000000000018	2.049400000000002	1.7896000000000016	1.8458000000000019	1.8856000000000017	1.7080000000000017	1.5618000000000016	1.6230000000000013	
246.0	1.9760000000000018	2.0544000000000024	2.0940000000000016	1.8296000000000017	1.881400000000002	1.9246000000000016	1.7186000000000017	1.5654000000000015	1.6200000000000017	
247.0	1.9368000000000019	2.0138000000000016	2.0612000000000017	1.7700000000000016	1.8268000000000015	1.8756000000000017	1.7172000000000016	1.5872000000000017	1.6456000000000015	
248.0	1.9962000000000015	2.0632000000000015	2.1222000000000016	1.8514000000000017	1.9130000000000016	1.9728000000000017	1.7876000000000016	1.6698000000000015	1.7290000000000016	
249.0	1.914200000000002	1.9662000000000017	2.018800000000002	1.7586000000000017	1.8038000000000016	1.8656000000000017	1.6954000000000014	1.5680000000000014	1.6180000000000014	
250.0	1.9196000000000017	1.9830000000000017	2.032200000000002	1.7438000000000018	1.7962000000000016	1.8608000000000016	1.6780000000000015	1.5474000000000014	1.5884000000000014	
251.0	1.9244000000000019	1.9902000000000017	2.0446000000000017	1.7724000000000018	1.8210000000000015	1.882000000000002	1.7078000000000015	1.5720000000000016	1.6354000000000015	
252.0	1.9362000000000017	2.0086000000000017	2.042200000000002	1.8078000000000016	1.8654000000000017	1.9086000000000016	1.7390000000000019	1.5962000000000016	1.6506000000000014	
253.0	1.9372000000000018	2.0168000000000017	2.0730000000000017	1.7856000000000014	1.8476000000000017	1.9050000000000018	1.7268000000000014	1.5846000000000016	1.6352000000000015	
254.0	1.894000000000002	1.9630000000000019	2.014000000000002	1.7504000000000015	1.8142000000000016	1.8590000000000015	1.6850000000000016	1.5472000000000012	1.6058000000000014	
255.0	1.9218000000000017	2.0016000000000016	2.074200000000002	1.775000000000002	1.8500000000000019	1.906800000000002	1.7142000000000017	1.5592000000000017	1.6252000000000013	
256.0	1.8988000000000018	1.9694000000000014	2.015800000000002	1.7516000000000018	1.8070000000000015	1.8588000000000018	1.6630000000000014	1.5210000000000015	1.5836000000000012	
257.0	1.9026000000000016	1.9786000000000017	2.0250000000000017	1.7786000000000017	1.8262000000000016	1.8888000000000016	1.6984000000000015	1.5468000000000015	1.6034000000000015	
258.0	1.9224000000000019	1.9954000000000018	2.054800000000002	1.7560000000000018	1.8174000000000017	1.861400000000002	1.6856000000000015	1.5416000000000012	1.5928000000000015	
259.0	1.8622000000000016	1.9522000000000017	2.018600000000002	1.7392000000000016	1.7860000000000018	1.8688000000000016	1.6712000000000016	1.5370000000000017	1.6032000000000017	
260.0	1.8664000000000016	1.9360000000000017	2.006000000000002	1.7002000000000017	1.7670000000000017	1.8402000000000016	1.6418000000000015	1.5174000000000014	1.5786000000000013	
261.0	1.9242000000000017	1.9974000000000018	2.0528000000000017	1.7670000000000017	1.8368000000000015	1.894000000000002	1.6930000000000016	1.5552000000000015	1.6102000000000016	
262.0	1.8616000000000017	1.9496000000000018	2.022000000000002	1.7312000000000016	1.7982000000000016	1.8548000000000016	1.6588000000000016	1.5112000000000017	1.5750000000000013	
263.0	1.8760000000000019	1.9648000000000019	2.0328000000000017	1.7510000000000014	1.8262000000000016	1.8822000000000016	1.6990000000000016	1.5604000000000016	1.6252000000000013	
264.0	1.8470000000000015	1.9524000000000017	2.0226000000000015	1.6998000000000015	1.7704000000000015	1.8404000000000016	1.6574000000000018	1.5260000000000014	1.5774000000000015	
265.0	1.9290000000000018	2.008000000000002	2.0626000000000015	1.7716000000000016	1.8272000000000017	1.884000000000002	1.7072000000000016	1.5474000000000014	1.6250000000000013	
266.0	1.8476000000000017	1.9168000000000016	1.9720000000000018	1.7262000000000017	1.7962000000000016	1.8480000000000016	1.6908000000000016	1.5536000000000014	1.6156000000000015	
267.0	1.8918000000000017	1.966200000000002	2.021400000000002	1.7222000000000017	1.8226000000000018	1.8778000000000015	1.6870000000000014	1.5452000000000015	1.6050000000000015	
268.0	1.926200000000002	2.0044000000000017	2.061400000000002	1.7904000000000018	1.8518000000000017	1.8908000000000018	1.7434000000000014	1.6352000000000015	1.6810000000000016	
269.0	1.9438000000000017	2.021400000000002	2.0902000000000016	1.7876000000000016	1.8570000000000015	1.9068000000000016	1.7310000000000016	1.5962000000000016	1.6462000000000017	
270.0	1.8656000000000017	1.9378000000000017	2.004600000000002	1.7366000000000017	1.8068000000000015	1.8578000000000015	1.6508000000000016	1.5248000000000015	1.5802000000000016	
271.0	1.8986000000000016	1.9844000000000017	2.040200000000002	1.7672000000000017	1.8482000000000016	1.9052000000000016	1.7060000000000015	1.5572000000000015	1.6138000000000015	
272.0	1.8850000000000018	1.949400000000002	2.0042000000000018	1.7532000000000016	1.8116000000000017	1.8508000000000016	1.6736000000000015	1.5278000000000016	1.5908000000000015	
273.0	1.887800000000002	1.9654000000000018	2.030000000000002	1.7522000000000015	1.8148000000000015	1.8678000000000017	1.6808000000000016	1.5542000000000016	1.6112000000000017	
274.0	1.8844000000000019	1.9598000000000018	2.027600000000002	1.765000000000002	1.8282000000000016	1.8734000000000015	1.6816000000000015	1.5534000000000014	1.6082000000000016	
275.0	1.939400000000002	1.9886000000000017	2.0330000000000017	1.7984000000000018	1.8546000000000018	1.9052000000000016	1.7420000000000015	1.5930000000000015	1.6526000000000016	
276.0	1.9156000000000017	1.9952000000000019	2.050400000000002	1.8238000000000016	1.8832000000000015	1.9258000000000017	1.7508000000000015	1.6066000000000016	1.6636000000000017	
277.0	1.9888000000000017	2.064200000000002	2.1204000000000023	1.8700000000000019	1.935400000000002	1.9874000000000018	1.8074000000000014	1.6628000000000016	1.7154000000000014	
278.0	1.9790000000000019	2.048800000000002	2.1032000000000015	1.8280000000000018	1.885400000000002	1.9358000000000015	1.7520000000000013	1.6108000000000016	1.6746000000000014	
279.0	1.8542000000000016	1.9382000000000021	1.990400000000002	1.7334000000000016	1.7988000000000015	1.8582000000000016	1.6910000000000016	1.5580000000000016	1.6218000000000015	
280.0	1.977600000000002	2.0522000000000022	2.0934000000000017	1.8638000000000015	1.9198000000000017	1.969800000000002	1.7896000000000016	1.6698000000000015	1.7132000000000016	
281.0	1.8430000000000017	1.9134000000000015	1.9590000000000019	1.7228000000000014	1.7662000000000015	1.8258000000000019	1.6448000000000016	1.5206000000000015	1.5700000000000014	
282.0	1.976200000000002	2.0372000000000017	2.0936000000000017	1.8550000000000018	1.919400000000002	1.966600000000002	1.7784000000000018	1.6534000000000015	1.6968000000000016	
283.0	1.9432000000000018	1.9980000000000018	2.038200000000002	1.7834000000000017	1.8316000000000017	1.8736000000000017	1.7140000000000015	1.5770000000000013	1.6236000000000013	
284.0	1.9156000000000017	1.9828000000000017	2.0406000000000017	1.7802000000000016	1.8420000000000016	1.8956000000000017	1.7314000000000014	1.5812000000000015	1.6482000000000014	
285.0	1.9328000000000018	1.998400000000002	2.045800000000002	1.7536000000000016	1.8214000000000017	1.8690000000000018	1.6988000000000016	1.5862000000000016	1.6318000000000015	
286.0	1.9564000000000017	2.0164000000000017	2.063400000000002	1.8020000000000016	1.8588000000000016	1.8974000000000018	1.7372000000000016	1.6082000000000016	1.6498000000000015	
287.0	1.9660000000000017	2.0208000000000017	2.066800000000002	1.7852000000000017	1.8414000000000017	1.8826000000000018	1.7134000000000014	1.5934000000000015	1.640000000000002	
288.0	1.9256000000000018	2.0012000000000016	2.038800000000002	1.7884000000000018	1.8420000000000019	1.892000000000002	1.7270000000000016	1.5832000000000015	1.6332000000000013	
289.0	1.9390000000000018	2.0054000000000016	2.0656000000000017	1.8000000000000016	1.8442000000000016	1.8822000000000016	1.7360000000000013	1.6100000000000014	1.6580000000000017	
290.0	1.9394000000000018	2.010600000000002	2.068200000000002	1.8128000000000015	1.8736000000000017	1.9222000000000017	1.7608000000000015	1.6196000000000015	1.6674000000000018	
291.0	1.977800000000002	2.050800000000002	2.0986000000000016	1.8440000000000016	1.9038000000000017	1.948400000000002	1.7872000000000017	1.6584000000000014	1.7174000000000016	
292.0	1.943400000000002	2.0136000000000016	2.0668000000000015	1.8100000000000018	1.8732000000000015	1.9312000000000016	1.7562000000000015	1.6260000000000014	1.6774000000000016	
293.0	1.9714000000000016	2.0536000000000016	2.128000000000002	1.8472000000000017	1.8984000000000016	1.9572000000000016	1.7872000000000015	1.6572000000000016	1.7022000000000017	
294.0	1.9600000000000017	2.043400000000002	2.103000000000002	1.8460000000000016	1.9246000000000016	1.9654000000000018	1.8086000000000018	1.6752000000000014	1.7116000000000018	
295.0	1.9228000000000018	1.9900000000000018	2.052800000000002	1.7852000000000017	1.8416000000000017	1.890000000000002	1.7228000000000014	1.6092000000000017	1.6494000000000015	
296.0	1.9752000000000018	2.049600000000002	2.0966000000000022	1.8394000000000017	1.8918000000000015	1.9448000000000019	1.7776000000000014	1.6566000000000014	1.7100000000000015	
297.0	1.9124000000000019	1.9788000000000017	2.039000000000002	1.7992000000000017	1.8548000000000016	1.9024000000000019	1.7604000000000017	1.6192000000000015	1.668000000000002	
298.0	1.9392000000000018	2.0050000000000017	2.047200000000002	1.829200000000002	1.8878000000000015	1.9330000000000018	1.7858000000000016	1.6446000000000014	1.7004000000000015	
299.0	1.974800000000002	2.034000000000002	2.078400000000002	1.8418000000000014	1.898000000000002	1.9324000000000017	1.8014000000000017	1.6654000000000018	1.7176000000000018	
300.0	1.9328000000000018	2.002600000000002	2.047800000000002	1.805400000000002	1.8472000000000017	1.8972000000000016	1.7364000000000015	1.6224000000000014	1.6656000000000017	
301.0	1.9634000000000016	2.016000000000002	2.052400000000002	1.8218000000000016	1.8740000000000019	1.9144000000000017	1.7450000000000017	1.6098000000000015	1.6584000000000017	
302.0	2.012000000000002	2.0846000000000022	2.118800000000002	1.882000000000002	1.9418000000000017	1.9862000000000017	1.8020000000000016	1.6688000000000016	1.7236000000000018	
303.0	1.9350000000000016	2.0002000000000018	2.035800000000002	1.8210000000000017	1.8514000000000017	1.8908000000000018	1.7340000000000018	1.6158000000000015	1.6504000000000014	
304.0	1.9700000000000017	2.039800000000002	2.075800000000002	1.8580000000000017	1.908000000000002	1.9408000000000019	1.7692000000000017	1.6564000000000014	1.6938000000000015	
305.0	1.973800000000002	2.0286000000000017	2.086800000000002	1.8576000000000017	1.9048000000000018	1.9516000000000018	1.7780000000000018	1.6432000000000013	1.6990000000000016	
306.0	1.9466000000000017	1.9994000000000018	2.042200000000002	1.7822000000000016	1.8216000000000017	1.8658000000000015	1.6994000000000014	1.5642000000000014	1.6090000000000013	
307.0	1.9834000000000018	2.046600000000002	2.0774000000000012	1.8520000000000016	1.9108000000000018	1.9528000000000016	1.7752000000000017	1.6496000000000017	1.6944000000000015	
308.0	1.9446000000000017	2.0090000000000017	2.051000000000002	1.8254000000000017	1.8868000000000016	1.918000000000002	1.7530000000000017	1.6360000000000015	1.6862000000000017	
309.0	1.9750000000000019	2.028000000000002	2.068800000000002	1.8494000000000017	1.8848000000000018	1.9266000000000016	1.7708000000000015	1.6544000000000016	1.7068000000000016	
310.0	1.9886000000000017	2.0306000000000015	2.0696000000000017	1.8230000000000017	1.8834000000000017	1.9204000000000019	1.7600000000000016	1.6412000000000015	1.6902000000000017	
311.0	1.9416000000000018	2.0010000000000017	2.0500000000000016	1.8052000000000017	1.8500000000000019	1.886000000000002	1.7334000000000016	1.6128000000000016	1.6556000000000017	
312.0	2.030400000000002	2.077800000000002	2.1252000000000018	1.8870000000000018	1.9388000000000019	1.9794000000000018	1.8008000000000015	1.6726000000000014	1.7372000000000016	
313.0	1.9466000000000017	2.006800000000002	2.0406000000000017	1.8216000000000017	1.8696000000000017	1.9104000000000019	1.7434000000000014	1.6180000000000014	1.6702000000000017	
314.0	1.982800000000002	2.048800000000002	2.088800000000002	1.8644000000000018	1.9046000000000016	1.934400000000002	1.7876000000000016	1.6708000000000016	1.7278000000000016	
315.0	1.9880000000000018	2.056400000000002	2.100000000000002	1.8254000000000015	1.8748000000000018	1.9276000000000018	1.7440000000000015	1.6122000000000014	1.6846000000000014	
316.0	1.9914000000000018	2.042800000000002	2.092000000000002	1.8520000000000016	1.9000000000000017	1.9414000000000018	1.7572000000000016	1.6194000000000015	1.6758000000000015	
317.0	1.9342000000000017	1.9812000000000016	2.031000000000002	1.8226000000000018	1.8618000000000015	1.9098000000000017	1.7502000000000015	1.6434000000000015	1.6878000000000015	
318.0	2.0102000000000015	2.068800000000002	2.1212000000000018	1.8636000000000017	1.9108000000000016	1.9578000000000018	1.7792000000000017	1.6526000000000016	1.7066000000000014	
319.0	2.058400000000002	2.1012000000000017	2.143400000000002	1.8876000000000017	1.9366000000000017	1.9798000000000018	1.8038000000000016	1.6954000000000014	1.7540000000000018	
320.0	1.9770000000000019	2.035200000000002	2.081600000000002	1.8342000000000016	1.8870000000000013	1.9288000000000016	1.7380000000000015	1.6138000000000015	1.6732000000000016	
321.0	1.986400000000002	2.047000000000002	2.0900000000000016	1.8358000000000017	1.8956000000000017	1.9410000000000018	1.7680000000000018	1.6414000000000015	1.7034000000000016	
322.0	1.9770000000000019	2.0296000000000016	2.0766000000000018	1.8426000000000018	1.8916000000000017	1.9316000000000018	1.7556000000000016	1.6362000000000017	1.6940000000000013	
323.0	2.0136000000000016	2.077800000000002	2.1174000000000017	1.8788000000000016	1.9144000000000019	1.954400000000002	1.7850000000000017	1.6734000000000016	1.7118000000000015	
324.0	1.9714000000000016	2.022400000000002	2.055000000000002	1.8342000000000016	1.8696000000000017	1.919400000000002	1.7680000000000018	1.6574000000000018	1.6950000000000018	
325.0	1.909800000000002	1.962600000000002	2.0084000000000017	1.8106000000000018	1.8402000000000016	1.8788000000000016	1.7228000000000017	1.6010000000000015	1.6328000000000016	
326.0	1.9736000000000018	2.015000000000002	2.061800000000002	1.8352000000000017	1.8870000000000018	1.920200000000002	1.7654000000000016	1.6262000000000014	1.6786000000000014	
327.0	1.9632000000000018	2.011600000000002	2.0452000000000017	1.8416000000000017	1.8904000000000019	1.9238000000000017	1.7690000000000017	1.6364000000000016	1.6880000000000015	
328.0	1.9448000000000019	2.006200000000002	2.0444000000000018	1.8262000000000016	1.8712000000000015	1.9130000000000018	1.7506000000000015	1.6316000000000015	1.6682000000000017	
329.0	1.953800000000002	2.004600000000002	2.033800000000002	1.8168000000000015	1.8606000000000018	1.8966000000000016	1.7456000000000018	1.6170000000000013	1.6678000000000015	
330.0	1.9828000000000017	2.0366000000000017	2.0826000000000016	1.8578000000000015	1.9142000000000017	1.9362000000000017	1.779000000000002	1.6772000000000016	1.7254000000000014	
331.0	1.9790000000000019	2.0262000000000016	2.072000000000002	1.8484000000000016	1.9030000000000018	1.9360000000000017	1.7686000000000015	1.6424000000000014	1.7044000000000017	
332.0	2.037800000000002	2.086800000000002	2.1136000000000017	1.8928000000000016	1.9372000000000016	1.9734000000000018	1.8180000000000018	1.6922000000000017	1.7396000000000018	
333.0	1.9628000000000019	1.998400000000002	2.0408000000000017	1.8274000000000017	1.8638000000000017	1.889400000000002	1.7464000000000015	1.6384000000000014	1.6816000000000018	
334.0	1.9310000000000018	1.9868000000000017	2.0204000000000018	1.8048000000000015	1.8516000000000017	1.8768000000000018	1.7228000000000014	1.6028000000000013	1.6656000000000015	
335.0	1.9564000000000017	2.003000000000002	2.044000000000002	1.8090000000000015	1.8628000000000016	1.9012000000000016	1.7222000000000017	1.6098000000000015	1.6624000000000017	
336.0	1.994600000000002	2.0594000000000015	2.082600000000002	1.8262000000000016	1.8854000000000017	1.9274000000000018	1.7732000000000017	1.6652000000000016	1.7140000000000017	
337.0	1.9386000000000017	1.992200000000002	2.0408000000000017	1.7990000000000013	1.8600000000000019	1.8950000000000018	1.7490000000000017	1.6224000000000014	1.6832000000000016	
338.0	1.9928000000000017	2.062800000000002	2.106400000000002	1.8652000000000017	1.9042000000000017	1.9468000000000019	1.7960000000000018	1.6858000000000015	1.7416000000000018	
339.0	2.0264000000000015	2.077200000000002	2.1262000000000016	1.8784000000000016	1.9240000000000017	1.9674000000000018	1.8164000000000018	1.7110000000000016	1.7594000000000014	
340.0	2.045400000000002	2.1014000000000013	2.145000000000002	1.8874000000000017	1.9392000000000016	1.9766000000000017	1.8210000000000015	1.7048000000000016	1.7592000000000017	
341.0	1.9808000000000017	2.034200000000002	2.0956000000000023	1.8212000000000017	1.8772000000000018	1.9254000000000018	1.7602000000000015	1.6430000000000013	1.6956000000000016	
342.0	1.9730000000000019	2.026200000000002	2.069800000000002	1.8216000000000014	1.8680000000000019	1.9172000000000016	1.7632000000000017	1.6658000000000015	1.7194000000000014	
343.0	1.9738000000000018	2.0338000000000016	2.087800000000002	1.8374000000000017	1.8790000000000018	1.9376000000000018	1.7856000000000016	1.6710000000000016	1.7160000000000015	
344.0	1.979800000000002	2.0376000000000016	2.0882000000000023	1.8470000000000018	1.8956000000000017	1.927400000000002	1.7766000000000017	1.6372000000000015	1.6960000000000013	
345.0	2.0064000000000015	2.0536000000000016	2.101800000000002	1.8592000000000017	1.9110000000000018	1.943400000000002	1.8092000000000017	1.6884000000000015	1.7330000000000017	
346.0	1.8892000000000015	1.9332000000000016	1.9836000000000018	1.7662000000000015	1.8190000000000015	1.8600000000000017	1.7236000000000016	1.6010000000000013	1.6546000000000016	
347.0	1.9362000000000017	2.004000000000002	2.0484000000000018	1.8084000000000018	1.8790000000000018	1.9154000000000018	1.7286000000000017	1.5932000000000017	1.6774000000000016	
348.0	2.0284000000000018	2.095000000000002	2.142800000000002	1.9166000000000016	1.9596000000000018	2.0050000000000017	1.8606000000000018	1.7296000000000018	1.7924000000000018	
349.0	1.9090000000000018	1.9802000000000017	2.043000000000002	1.8154000000000017	1.8652000000000017	1.9152000000000018	1.7632000000000017	1.6378000000000017	1.6988000000000016	
350.0	1.8962000000000017	1.9768000000000021	2.023400000000002	1.7790000000000015	1.8290000000000013	1.8776000000000015	1.7154000000000014	1.6034000000000015	1.6528000000000016	
351.0	1.914800000000002	1.9848000000000017	2.0346000000000015	1.7982000000000018	1.8642000000000016	1.9068000000000016	1.7436000000000016	1.6028000000000016	1.6634000000000015	
352.0	1.9050000000000018	1.9990000000000019	2.047200000000002	1.8014000000000014	1.8508000000000016	1.8936000000000017	1.7074000000000018	1.5852000000000017	1.6310000000000016	
353.0	1.9172000000000018	1.9994000000000018	2.058400000000002	1.807400000000002	1.8606000000000018	1.8938000000000017	1.7112000000000016	1.5722000000000014	1.6308000000000016	
354.0	1.9288000000000016	1.9906000000000017	2.0464000000000016	1.8218000000000016	1.8724000000000016	1.9154000000000018	1.7334000000000014	1.5918000000000014	1.6602000000000017	
355.0	1.9932000000000019	2.064000000000002	2.1092000000000017	1.8656000000000017	1.9200000000000015	1.960400000000002	1.7800000000000016	1.6352000000000013	1.6980000000000013	
356.0	2.010400000000002	2.066800000000002	2.1022000000000016	1.8234000000000017	1.8784000000000014	1.9152000000000016	1.7526000000000017	1.6212000000000015	1.6714000000000016	
357.0	1.9172000000000016	1.976400000000002	2.019400000000002	1.7808000000000015	1.8302000000000016	1.8744000000000014	1.7044000000000015	1.5782000000000016	1.6334000000000017	
358.0	1.9386000000000017	2.0246000000000017	2.071000000000002	1.8102000000000016	1.8516000000000017	1.8966000000000016	1.7186000000000017	1.5770000000000015	1.6354000000000015	
359.0	1.9298000000000015	2.010600000000002	2.0706000000000016	1.8034000000000017	1.867400000000002	1.924200000000002	1.7460000000000018	1.5976000000000015	1.6586000000000016	
360.0	1.904000000000002	1.9760000000000018	2.0372000000000017	1.7788000000000015	1.8224000000000016	1.8824000000000018	1.7174000000000014	1.5812000000000017	1.6374000000000015	
361.0	1.933400000000002	2.015000000000002	2.066800000000002	1.8006000000000015	1.8466000000000018	1.888000000000002	1.7184000000000017	1.5852000000000017	1.6366000000000018	
362.0	1.9210000000000018	1.9960000000000016	2.044000000000002	1.784400000000002	1.8474000000000017	1.8982000000000017	1.7200000000000015	1.5862000000000016	1.6386000000000016	
363.0	1.9914000000000018	2.053400000000002	2.0980000000000016	1.8662000000000016	1.9174000000000018	1.9652000000000016	1.8024000000000018	1.6638000000000015	1.7160000000000015	
364.0	2.028000000000002	2.081800000000002	2.126600000000002	1.8938000000000017	1.935400000000002	1.972400000000002	1.7990000000000015	1.6596000000000015	1.7230000000000014	
365.0	1.9470000000000016	1.9910000000000019	2.0338000000000016	1.8070000000000017	1.8528000000000016	1.8888000000000016	1.7348000000000015	1.5984000000000014	1.6476000000000015	
366.0	1.9786000000000017	2.030200000000002	2.080400000000002	1.8392000000000017	1.8918000000000015	1.9338000000000017	1.7458000000000016	1.6146000000000016	1.6658000000000015	
367.0	1.9092000000000018	1.964400000000002	2.0404000000000018	1.7868000000000015	1.8326000000000018	1.870000000000002	1.7066000000000014	1.5796000000000012	1.6288000000000014	
368.0	1.8918000000000017	1.9702000000000017	2.0124000000000017	1.7874000000000017	1.8314000000000017	1.8722000000000019	1.7080000000000015	1.5782000000000016	1.6280000000000014	
369.0	1.941400000000002	2.016200000000002	2.066600000000002	1.8352000000000017	1.8816000000000017	1.916800000000002	1.7574000000000014	1.6238000000000015	1.6790000000000016	
370.0	1.9272000000000016	1.994400000000002	2.0532000000000017	1.8370000000000017	1.8906000000000018	1.925400000000002	1.7682000000000015	1.6208000000000016	1.6852000000000016	
371.0	1.9292000000000016	1.9874000000000018	2.045400000000002	1.8118000000000016	1.8764000000000018	1.9256000000000018	1.7482000000000015	1.6156000000000017	1.6668000000000016	
372.0	1.966400000000002	2.0208000000000017	2.0692000000000017	1.8540000000000019	1.8972000000000016	1.9322000000000017	1.7614000000000014	1.6240000000000017	1.6806000000000016	
373.0	1.9204000000000019	1.9850000000000019	2.0336000000000016	1.8084000000000016	1.8558000000000017	1.8990000000000018	1.7420000000000013	1.5900000000000016	1.6564000000000014	
374.0	2.0018000000000016	2.076000000000002	2.1236000000000024	1.8846000000000018	1.9360000000000017	1.9860000000000018	1.8082000000000016	1.6846000000000017	1.7262000000000017	
375.0	1.9776000000000018	2.0336000000000016	2.081800000000002	1.8596000000000017	1.9096000000000017	1.952600000000002	1.7776000000000016	1.6590000000000014	1.6970000000000016	
376.0	1.9522000000000017	2.0020000000000016	2.0396000000000014	1.8166000000000018	1.8580000000000019	1.8944000000000016	1.7512000000000016	1.6152000000000013	1.6830000000000014	
377.0	2.0258000000000016	2.0868000000000015	2.129600000000002	1.8698000000000015	1.9208000000000016	1.9676000000000018	1.7852000000000017	1.6342000000000017	1.6954000000000014	
378.0	1.9298000000000017	1.9814000000000018	2.0212000000000017	1.7812000000000017	1.8322000000000016	1.8650000000000015	1.7100000000000015	1.5466000000000013	1.6112000000000017	
379.0	1.9842000000000017	2.0364000000000018	2.0766000000000018	1.8482000000000018	1.9052000000000018	1.953800000000002	1.7796000000000016	1.6156000000000015	1.6834000000000018	
380.0	1.9714000000000018	2.020000000000002	2.056000000000002	1.8146000000000018	1.8588000000000018	1.9006000000000016	1.7260000000000013	1.5660000000000014	1.6328000000000016	
381.0	1.996200000000002	2.052800000000002	2.098800000000002	1.8594000000000017	1.9104000000000019	1.9512000000000018	1.7884000000000015	1.6598000000000015	1.7092000000000016	
382.0	2.026400000000002	2.078600000000002	2.1286000000000023	1.9012000000000016	1.9416000000000015	1.9920000000000018	1.807400000000002	1.6602000000000017	1.7188000000000014	
383.0	1.9460000000000017	1.9940000000000018	2.0344000000000015	1.7970000000000015	1.8402000000000016	1.8988000000000016	1.7306000000000017	1.5792000000000017	1.6452000000000016	
384.0	2.016800000000002	2.060800000000002	2.1012000000000017	1.8664000000000016	1.9144000000000017	1.9470000000000018	1.7952000000000017	1.6656000000000017	1.7174000000000014	
385.0	1.930400000000002	1.9608000000000019	2.0096000000000016	1.7744000000000015	1.8184000000000018	1.8574000000000017	1.7166000000000015	1.5976000000000012	1.6490000000000016	
386.0	1.9976000000000018	2.0376000000000016	2.077800000000002	1.8320000000000018	1.8826000000000018	1.9168000000000018	1.753000000000002	1.6360000000000017	1.6828000000000016	
387.0	1.9880000000000018	2.0446000000000017	2.103400000000002	1.8288000000000018	1.8778000000000015	1.9176000000000017	1.7492000000000016	1.6098000000000015	1.6550000000000014	
388.0	1.9910000000000019	2.052200000000002	2.101600000000002	1.8434000000000015	1.9004000000000014	1.9466000000000017	1.7774000000000014	1.6342000000000014	1.6906000000000014	
389.0	2.011000000000002	2.061800000000002	2.104200000000002	1.8518000000000017	1.9058000000000017	1.9426000000000017	1.769000000000002	1.6204000000000014	1.6718000000000017	
390.0	1.9596000000000018	2.021200000000002	2.066400000000002	1.8118000000000016	1.8596000000000017	1.9072000000000016	1.7252000000000014	1.6056000000000017	1.6576000000000017	
391.0	2.007600000000002	2.064400000000002	2.1094000000000017	1.8766000000000018	1.9192000000000016	1.9554000000000018	1.7948000000000015	1.6734000000000016	1.7196000000000016	
392.0	2.024000000000002	2.075000000000002	2.1130000000000018	1.8782000000000016	1.9264000000000019	1.9646000000000017	1.7746000000000017	1.6524000000000014	1.6888000000000016	
393.0	1.9518000000000015	2.003600000000002	2.0326000000000017	1.7892000000000017	1.8316000000000014	1.8710000000000018	1.7036000000000016	1.5810000000000013	1.6244000000000014	
394.0	2.016600000000002	2.0806000000000022	2.1112000000000015	1.8772000000000015	1.9218000000000017	1.960400000000002	1.8148000000000015	1.6868000000000016	1.7274000000000016	
395.0	2.001600000000002	2.049400000000002	2.097600000000002	1.8410000000000017	1.8956000000000017	1.936200000000002	1.7638000000000016	1.6392000000000015	1.6890000000000016	
396.0	1.9200000000000015	1.9796000000000018	2.014200000000002	1.7784000000000018	1.8416000000000017	1.8818000000000015	1.7078000000000015	1.5786000000000016	1.6202000000000016	
397.0	1.9050000000000018	1.9586000000000017	1.9986000000000017	1.7494000000000014	1.8110000000000017	1.8476000000000017	1.6792000000000014	1.5558000000000016	1.5972000000000015	
398.0	1.9264000000000017	1.988000000000002	2.0404000000000018	1.7754000000000016	1.8348000000000015	1.882000000000002	1.6958000000000015	1.5620000000000016	1.6010000000000015	
399.0	2.001800000000002	2.0612000000000017	2.106200000000002	1.851400000000002	1.8926000000000018	1.9342000000000017	1.7734000000000016	1.6442000000000017	1.6964000000000015	
400.0	2.041000000000002	2.104200000000002	2.135800000000002	1.8842000000000017	1.9330000000000018	1.980600000000002	1.8264000000000014	1.6824000000000014	1.7282000000000015	
