1.0	0.363800000000001	0.374000000000001	0.38480000000000103	0.316400000000001	0.3284000000000011	0.339000000000001	0.3062000000000011	0.27960000000000107	0.290600000000001	
2.0	0.6486000000000011	0.6750000000000009	0.697600000000001	0.5802000000000009	0.597200000000001	0.6080000000000009	0.540800000000001	0.496400000000001	0.512800000000001	
3.0	0.855200000000001	0.883600000000001	0.9096000000000011	0.736400000000001	0.7622000000000011	0.7938000000000011	0.697800000000001	0.631600000000001	0.6580000000000009	
4.0	1.032800000000001	1.070000000000001	1.101800000000001	0.903800000000001	0.940200000000001	0.9648000000000011	0.858600000000001	0.772400000000001	0.799800000000001	
5.0	1.1762000000000012	1.220800000000001	1.2620000000000013	1.035600000000001	1.0730000000000008	1.096800000000001	0.9718000000000011	0.8820000000000011	0.917400000000001	
6.0	1.246800000000001	1.297000000000001	1.3524000000000012	1.095000000000001	1.144600000000001	1.1768000000000012	1.038000000000001	0.9282000000000011	0.9560000000000012	
7.0	1.242800000000001	1.2926000000000013	1.3480000000000014	1.0996000000000012	1.133800000000001	1.1708000000000012	1.0312000000000012	0.9306000000000011	0.9664000000000011	
8.0	1.2898000000000012	1.3410000000000013	1.3938000000000015	1.1214000000000013	1.1638000000000013	1.1970000000000014	1.0288000000000013	0.9212000000000011	0.9600000000000012	
9.0	1.2902000000000011	1.3570000000000013	1.4140000000000013	1.1024000000000014	1.153400000000001	1.2008000000000014	1.0074000000000012	0.892800000000001	0.9370000000000012	
10.0	1.3318000000000014	1.3920000000000015	1.4516000000000016	1.074400000000001	1.1336000000000013	1.1868000000000012	0.9908000000000011	0.8528000000000011	0.9110000000000011	
11.0	1.2904000000000015	1.3700000000000014	1.4418000000000015	1.0722000000000012	1.1382000000000012	1.1936000000000013	0.9764000000000013	0.8374000000000013	0.8760000000000011	
12.0	1.4080000000000015	1.4824000000000015	1.5720000000000016	1.1838000000000013	1.2420000000000013	1.2868000000000013	1.0598000000000014	0.9186000000000012	0.9702000000000012	
13.0	1.5264000000000015	1.6006000000000018	1.6662000000000017	1.3252000000000013	1.3864000000000014	1.4352000000000014	1.1912000000000011	1.0220000000000011	1.0652000000000013	
14.0	1.5874000000000017	1.6554000000000015	1.7136000000000018	1.3974000000000015	1.4564000000000015	1.5126000000000015	1.2700000000000011	1.109800000000001	1.1574000000000013	
15.0	1.7106000000000017	1.779000000000002	1.8262000000000016	1.4936000000000014	1.5568000000000015	1.6140000000000017	1.3584000000000014	1.2154000000000014	1.2632000000000012	
16.0	1.7432000000000016	1.8114000000000017	1.865400000000002	1.5520000000000014	1.6034000000000015	1.6660000000000013	1.4402000000000013	1.2616000000000012	1.3054000000000012	
17.0	1.8188000000000015	1.9098000000000017	1.959800000000002	1.5994000000000015	1.6748000000000016	1.7404000000000017	1.4986000000000013	1.3280000000000014	1.3822000000000014	
18.0	1.8056000000000016	1.8790000000000016	1.9530000000000018	1.6288000000000016	1.6970000000000016	1.7482000000000015	1.5216000000000014	1.3482000000000012	1.4090000000000014	
19.0	1.9082000000000017	1.9860000000000018	2.0502000000000016	1.7256000000000018	1.7988000000000015	1.8508000000000016	1.6400000000000015	1.4524000000000015	1.5112000000000014	
20.0	1.9136000000000017	1.9878000000000018	2.047600000000002	1.6766000000000016	1.7556000000000018	1.8208000000000015	1.5898000000000017	1.3918000000000013	1.4526000000000012	
21.0	1.8672000000000017	1.9520000000000017	2.010200000000002	1.6522000000000017	1.7236000000000018	1.7854000000000017	1.5722000000000016	1.4126000000000014	1.4704000000000015	
22.0	1.8660000000000019	1.9466000000000017	1.9806000000000017	1.6416000000000017	1.7068000000000016	1.7476000000000018	1.5568000000000015	1.3944000000000014	1.4518000000000013	
23.0	1.7758000000000018	1.8550000000000018	1.8922000000000017	1.5692000000000017	1.6160000000000017	1.6632000000000016	1.4704000000000015	1.3330000000000013	1.3888000000000014	
24.0	1.7692000000000017	1.8370000000000017	1.9086000000000016	1.5768000000000015	1.6392000000000015	1.6898000000000015	1.4972000000000014	1.339800000000001	1.3956000000000013	
25.0	1.7958000000000016	1.882000000000002	1.9206000000000016	1.5946000000000016	1.6518000000000015	1.7034000000000014	1.5088000000000015	1.3530000000000013	1.4130000000000016	
26.0	1.7780000000000018	1.8524000000000018	1.9138000000000015	1.5922000000000016	1.6478000000000015	1.7046000000000014	1.5064000000000015	1.3588000000000013	1.4174000000000015	
27.0	1.8092000000000017	1.8628000000000016	1.9110000000000018	1.6020000000000014	1.6588000000000016	1.7184000000000015	1.5306000000000015	1.3836000000000013	1.4474000000000014	
28.0	1.8372000000000017	1.8930000000000018	1.9396000000000018	1.6166000000000016	1.6704000000000014	1.7308000000000014	1.5452000000000015	1.3850000000000013	1.4412000000000014	
29.0	1.8604000000000014	1.9340000000000015	1.9710000000000019	1.6714000000000016	1.7276000000000018	1.7812000000000017	1.5694000000000015	1.4062000000000012	1.4690000000000014	
30.0	1.9172000000000018	1.983800000000002	2.0332000000000017	1.7122000000000017	1.7744000000000015	1.8380000000000019	1.6376000000000015	1.4732000000000014	1.5298000000000016	
31.0	1.9090000000000018	1.990800000000002	2.055800000000002	1.7186000000000015	1.7898000000000016	1.8464000000000018	1.6300000000000017	1.4508000000000014	1.5206000000000013	
32.0	1.906000000000002	1.9676000000000018	2.021400000000002	1.6548000000000016	1.7192000000000016	1.7796000000000016	1.5630000000000013	1.3864000000000014	1.4518000000000015	
33.0	1.9120000000000017	1.986800000000002	2.0696000000000017	1.6916000000000015	1.7714000000000016	1.8206000000000018	1.5920000000000014	1.4132000000000011	1.4776000000000014	
34.0	1.9366000000000017	2.027600000000002	2.089200000000002	1.6846000000000014	1.7478000000000016	1.8066000000000018	1.5764000000000014	1.4060000000000015	1.4752000000000016	
35.0	1.9358000000000017	2.011000000000002	2.049800000000002	1.6622000000000017	1.7508000000000015	1.8016000000000016	1.5772000000000017	1.3986000000000014	1.4476000000000016	
36.0	1.8830000000000018	1.9682000000000017	2.016800000000002	1.6496000000000015	1.7290000000000016	1.7780000000000018	1.5756000000000014	1.3982000000000014	1.4460000000000013	
37.0	1.7982000000000016	1.8742000000000016	1.9584000000000017	1.5768000000000015	1.6384000000000016	1.7008000000000016	1.4700000000000015	1.3220000000000014	1.3766000000000016	
38.0	1.8482000000000016	1.965800000000002	2.0226000000000015	1.6444000000000014	1.7158000000000015	1.7732000000000017	1.5518000000000016	1.3780000000000014	1.4224000000000014	
39.0	1.9554000000000018	2.0306000000000015	2.0846000000000022	1.7206000000000017	1.7894000000000017	1.8306000000000018	1.6226000000000016	1.4512000000000014	1.5106000000000013	
40.0	1.8844000000000014	1.9510000000000018	2.0062000000000015	1.6796000000000018	1.7380000000000018	1.7888000000000015	1.5880000000000014	1.4200000000000013	1.4896000000000016	
41.0	1.9540000000000017	2.0210000000000017	2.071000000000002	1.7290000000000016	1.7932000000000017	1.8460000000000016	1.6306000000000016	1.4658000000000015	1.5224000000000015	
42.0	1.9704000000000017	2.0484000000000018	2.1136000000000017	1.7654000000000014	1.849400000000002	1.9054000000000018	1.6876000000000015	1.4986000000000013	1.5560000000000014	
43.0	1.9592000000000016	2.027400000000002	2.075400000000002	1.7308000000000017	1.7998000000000016	1.8478000000000017	1.6294000000000015	1.4464000000000015	1.5112000000000014	
44.0	1.9704000000000017	2.0384000000000015	2.090800000000002	1.7434000000000014	1.8166000000000018	1.8788000000000016	1.6504000000000014	1.4794000000000014	1.5484000000000016	
45.0	1.9794000000000018	2.052400000000002	2.1130000000000018	1.7090000000000016	1.7860000000000016	1.8472000000000017	1.6206000000000016	1.4566000000000012	1.5166000000000013	
46.0	1.8996000000000017	1.9850000000000019	2.045400000000002	1.700400000000002	1.7656000000000018	1.8260000000000018	1.5892000000000017	1.4334000000000016	1.4918000000000016	
47.0	1.932400000000002	1.9958000000000018	2.042600000000002	1.7040000000000015	1.7558000000000016	1.8088000000000015	1.6268000000000016	1.4548000000000016	1.5212000000000014	
48.0	1.8872000000000015	1.972400000000002	2.0484000000000018	1.7362000000000017	1.7890000000000017	1.8286000000000018	1.6432000000000013	1.5046000000000015	1.5638000000000014	
49.0	1.8712000000000015	1.9632000000000016	2.013200000000002	1.7392000000000014	1.7988000000000015	1.8378000000000019	1.6712000000000016	1.5280000000000014	1.5756000000000014	
50.0	1.8688000000000016	1.9690000000000019	2.0246000000000017	1.6730000000000016	1.7386000000000015	1.7842000000000016	1.5922000000000016	1.4340000000000013	1.5000000000000013	
51.0	1.917400000000002	1.9940000000000018	2.062800000000002	1.7292000000000016	1.7944000000000018	1.8516000000000017	1.6732000000000016	1.5022000000000013	1.5606000000000015	
52.0	1.9610000000000019	2.0166000000000017	2.0972000000000017	1.7780000000000016	1.8426000000000018	1.8964000000000016	1.6846000000000014	1.5258000000000016	1.5768000000000013	
53.0	2.070400000000002	2.1342000000000017	2.182200000000002	1.8522000000000016	1.9102000000000017	1.9648000000000017	1.7616000000000016	1.5852000000000015	1.6582000000000017	
54.0	2.0324000000000018	2.112000000000002	2.1842000000000015	1.843200000000002	1.9192000000000016	1.9746000000000017	1.7470000000000017	1.5692000000000015	1.6248000000000016	
55.0	2.0252000000000017	2.0854000000000026	2.152800000000002	1.7974000000000014	1.8784000000000016	1.9266000000000016	1.7004000000000015	1.5290000000000015	1.5818000000000016	
56.0	2.069400000000002	2.1494000000000018	2.199800000000002	1.8604000000000016	1.9222000000000017	1.9706000000000017	1.7328000000000015	1.5652000000000015	1.6292000000000015	
57.0	2.0782000000000016	2.163800000000002	2.2254000000000023	1.8338000000000017	1.9044000000000016	1.9510000000000016	1.7052000000000014	1.5328000000000015	1.6030000000000013	
58.0	1.9630000000000019	2.060000000000002	2.132600000000002	1.7944000000000015	1.8432000000000017	1.900000000000002	1.6966000000000017	1.5388000000000015	1.5978000000000014	
59.0	2.0422000000000016	2.104000000000002	2.164400000000002	1.8294000000000015	1.8716000000000017	1.9248000000000018	1.7224000000000015	1.5850000000000013	1.6430000000000013	
60.0	1.930400000000002	2.003000000000002	2.072200000000002	1.7274000000000014	1.7826000000000017	1.8438000000000014	1.6616000000000015	1.5344000000000015	1.5848000000000015	
61.0	1.8942000000000019	1.9404000000000017	1.998200000000002	1.6486000000000014	1.7036000000000016	1.7622000000000015	1.5818000000000016	1.4040000000000015	1.4680000000000013	
62.0	1.9632000000000016	2.0330000000000017	2.0894000000000017	1.7702000000000016	1.8240000000000018	1.8828000000000018	1.7030000000000014	1.5440000000000014	1.6086000000000016	
63.0	2.031800000000002	2.109800000000002	2.160000000000002	1.8388000000000015	1.892000000000002	1.9634000000000018	1.7636000000000018	1.6020000000000016	1.6522000000000017	
64.0	1.9590000000000016	2.039000000000002	2.100600000000002	1.7754000000000014	1.8374000000000017	1.8910000000000018	1.6648000000000016	1.4998000000000014	1.5620000000000014	
65.0	2.045400000000002	2.132800000000002	2.196200000000002	1.8442000000000016	1.9258000000000017	1.988800000000002	1.7730000000000017	1.5996000000000012	1.6570000000000016	
66.0	2.0042000000000018	2.079000000000002	2.149800000000002	1.8284000000000014	1.8976000000000017	1.962400000000002	1.7144000000000015	1.5344000000000015	1.6018000000000014	
67.0	2.047000000000002	2.1460000000000017	2.209800000000002	1.8600000000000017	1.9206000000000016	1.9846000000000017	1.7606000000000017	1.5952000000000017	1.6508000000000016	
68.0	2.017000000000002	2.102800000000002	2.1774000000000013	1.8332000000000017	1.9128000000000016	1.970400000000002	1.7456000000000018	1.5732000000000015	1.6340000000000017	
69.0	2.0128000000000017	2.124000000000002	2.1834000000000016	1.8026000000000018	1.8772000000000015	1.9356000000000018	1.7044000000000015	1.5404000000000015	1.6038000000000014	
70.0	2.004000000000002	2.085800000000002	2.156200000000002	1.8266000000000018	1.8754000000000017	1.9126000000000016	1.7104000000000015	1.5636000000000012	1.6170000000000013	
71.0	1.9408000000000016	2.031600000000002	2.0900000000000016	1.7548000000000015	1.8186000000000018	1.8558000000000014	1.6792000000000016	1.5356000000000012	1.6010000000000015	
72.0	1.9582000000000017	2.025400000000002	2.070200000000002	1.7870000000000017	1.835400000000002	1.8742000000000016	1.7048000000000016	1.5646000000000015	1.6192000000000013	
73.0	1.9608000000000019	2.038400000000002	2.099400000000002	1.7606000000000017	1.8096000000000017	1.8594000000000017	1.6816000000000018	1.5426000000000013	1.5968000000000016	
74.0	1.9512000000000016	2.0206000000000017	2.082600000000002	1.793000000000002	1.8496000000000017	1.8906000000000018	1.7208000000000014	1.5906000000000013	1.6422000000000017	
75.0	2.014400000000002	2.074600000000002	2.134800000000002	1.8004000000000018	1.8652000000000017	1.9268000000000018	1.7246000000000015	1.5578000000000016	1.6140000000000014	
76.0	1.993600000000002	2.0852000000000017	2.143000000000002	1.7972000000000017	1.8516000000000017	1.9036000000000017	1.6934000000000013	1.5518000000000016	1.5990000000000013	
77.0	2.014200000000002	2.087000000000002	2.167600000000002	1.8334000000000017	1.8888000000000018	1.9528000000000019	1.7400000000000015	1.5862000000000014	1.6458000000000015	
78.0	2.0364000000000018	2.1100000000000017	2.1824000000000017	1.8764000000000016	1.9318000000000015	1.9818000000000018	1.7834000000000014	1.6314000000000015	1.6840000000000015	
79.0	2.084200000000002	2.164000000000002	2.2196000000000016	1.8722000000000016	1.9400000000000015	1.9962000000000015	1.7808000000000015	1.6152000000000017	1.6716000000000013	
80.0	2.062600000000002	2.115600000000002	2.199600000000002	1.8612000000000017	1.9346000000000017	1.9836000000000018	1.7914000000000014	1.6294000000000015	1.6924000000000015	
81.0	2.0492000000000017	2.111200000000002	2.1662000000000017	1.8440000000000016	1.9064000000000019	1.9590000000000019	1.7546000000000015	1.6054000000000015	1.6656000000000015	
82.0	1.9932000000000016	2.058600000000002	2.116200000000002	1.8084000000000018	1.8576000000000017	1.8980000000000017	1.7236000000000016	1.5772000000000015	1.6290000000000016	
83.0	2.040800000000002	2.099000000000002	2.1414000000000013	1.8316000000000017	1.8856000000000017	1.9248000000000018	1.7736000000000016	1.6222000000000016	1.6912000000000016	
84.0	1.9650000000000019	2.036800000000002	2.0802000000000023	1.7878000000000016	1.8326000000000018	1.8810000000000018	1.7158000000000018	1.5850000000000015	1.6382000000000017	
85.0	1.9946000000000017	2.0604000000000013	2.110800000000002	1.8192000000000017	1.8700000000000019	1.9044000000000016	1.7516000000000018	1.6092000000000017	1.6536000000000015	
86.0	1.9662000000000017	2.0220000000000016	2.0862000000000016	1.779000000000002	1.8454000000000015	1.8930000000000018	1.7016000000000018	1.5510000000000013	1.6072000000000017	
87.0	2.041200000000002	2.1094000000000017	2.1792000000000016	1.8386000000000018	1.919200000000002	1.960800000000002	1.7466000000000017	1.6048000000000016	1.6614000000000015	
88.0	2.056400000000002	2.139200000000002	2.194200000000002	1.8564000000000016	1.9320000000000017	1.9732000000000016	1.7600000000000013	1.5866000000000016	1.6506000000000016	
89.0	2.100200000000002	2.181000000000002	2.2430000000000017	1.8964000000000019	1.9532000000000016	2.011400000000002	1.8032000000000017	1.6280000000000014	1.6876000000000015	
90.0	2.067000000000002	2.1456000000000017	2.2084000000000024	1.8734000000000017	1.9446000000000017	1.9952000000000016	1.7710000000000015	1.6048000000000016	1.6708000000000016	
91.0	2.143800000000002	2.2166000000000023	2.2802000000000016	1.8834000000000017	1.9574000000000018	2.018000000000002	1.7956000000000016	1.5992000000000015	1.6622000000000015	
92.0	2.0976000000000017	2.186800000000002	2.2454000000000023	1.9046000000000016	1.9624000000000017	2.0376000000000016	1.7938000000000016	1.6296000000000015	1.6846000000000014	
93.0	2.055400000000002	2.141000000000002	2.2304000000000017	1.8696000000000017	1.9350000000000018	1.9934000000000016	1.7654000000000016	1.6114000000000015	1.6740000000000013	
94.0	2.0078000000000014	2.1132000000000017	2.176400000000002	1.7996000000000014	1.8602000000000016	1.9188000000000016	1.7206000000000015	1.5722000000000014	1.6318000000000012	
95.0	2.010400000000002	2.098800000000002	2.154600000000002	1.8156000000000014	1.8872000000000015	1.9348000000000016	1.7312000000000016	1.5920000000000014	1.6494000000000015	
96.0	1.9412000000000016	2.037400000000002	2.1064000000000025	1.7546000000000017	1.8242000000000016	1.8758000000000015	1.6984000000000015	1.5668000000000015	1.6232000000000015	
97.0	1.9646000000000017	2.026000000000002	2.072200000000002	1.7528000000000015	1.8144000000000018	1.8470000000000018	1.6780000000000015	1.5320000000000014	1.5968000000000016	
98.0	2.019000000000002	2.092400000000002	2.139800000000002	1.8126000000000018	1.8790000000000018	1.920000000000002	1.7244000000000015	1.5780000000000014	1.6192000000000013	
99.0	2.028200000000002	2.114800000000002	2.1656000000000017	1.8362000000000016	1.904000000000002	1.9520000000000013	1.7538000000000016	1.5960000000000014	1.6648000000000016	
100.0	2.095000000000002	2.173200000000002	2.223600000000002	1.8790000000000016	1.9398000000000015	1.9882000000000017	1.7736000000000016	1.6046000000000016	1.6610000000000014	
101.0	2.014600000000002	2.106800000000002	2.175800000000002	1.8416000000000017	1.9044000000000016	1.9578000000000018	1.7394000000000014	1.5794000000000015	1.6328000000000016	
102.0	2.077800000000002	2.160800000000002	2.2134000000000014	1.8606000000000018	1.9352000000000016	1.9880000000000015	1.7560000000000016	1.5972000000000017	1.6602000000000017	
103.0	2.0884000000000014	2.145000000000002	2.2066000000000017	1.8338000000000019	1.9170000000000018	1.9756000000000018	1.7576000000000018	1.5914000000000015	1.6560000000000017	
104.0	2.0428000000000015	2.1020000000000016	2.1502000000000017	1.8096000000000017	1.8808000000000018	1.9398000000000015	1.7232000000000016	1.5736000000000014	1.6232000000000013	
105.0	2.076000000000002	2.1420000000000017	2.199600000000002	1.8350000000000017	1.8878000000000017	1.948400000000002	1.7170000000000016	1.5544000000000016	1.6028000000000016	
106.0	2.006800000000002	2.064400000000002	2.110800000000002	1.7798000000000016	1.8436000000000017	1.905400000000002	1.6962000000000017	1.5288000000000013	1.5874000000000015	
107.0	1.9370000000000018	1.997800000000002	2.0498000000000016	1.7352000000000016	1.7998000000000018	1.8410000000000017	1.6592000000000016	1.5190000000000015	1.5700000000000016	
108.0	2.0330000000000017	2.096800000000002	2.152600000000002	1.8392000000000017	1.8972000000000016	1.9536000000000018	1.7584000000000015	1.6174000000000015	1.6722000000000017	
109.0	2.037800000000002	2.094600000000002	2.1452000000000018	1.8522000000000016	1.8972000000000016	1.9344000000000017	1.7706000000000017	1.6388000000000016	1.6894000000000013	
110.0	1.9788000000000017	2.0398000000000014	2.106800000000002	1.8076000000000016	1.8692000000000015	1.9118000000000017	1.7352000000000016	1.5860000000000014	1.6408000000000016	
111.0	2.0136000000000016	2.107800000000002	2.179600000000002	1.8652000000000017	1.9328000000000018	1.9738000000000016	1.7636000000000018	1.6146000000000016	1.6770000000000014	
112.0	2.0546000000000015	2.1420000000000017	2.2012000000000023	1.8428000000000015	1.9158000000000015	1.9772000000000018	1.777000000000002	1.6228000000000016	1.6830000000000014	
113.0	2.0184000000000015	2.080200000000002	2.160000000000002	1.8096000000000017	1.8858000000000015	1.9376000000000018	1.7382000000000017	1.5628000000000013	1.6246000000000014	
114.0	2.0780000000000016	2.171600000000002	2.2372000000000023	1.8990000000000018	1.966800000000002	2.024000000000002	1.7788000000000015	1.6078000000000015	1.6654000000000015	
115.0	2.104000000000002	2.185800000000002	2.250600000000002	1.8850000000000018	1.9508000000000019	2.0086000000000017	1.7954000000000014	1.6204000000000014	1.6844000000000015	
116.0	2.0374000000000017	2.132800000000002	2.2092000000000023	1.8436000000000017	1.9052000000000016	1.9642000000000017	1.7526000000000013	1.6056000000000015	1.6588000000000016	
117.0	2.035000000000002	2.120000000000002	2.183600000000002	1.8338000000000017	1.9134000000000018	1.9574000000000018	1.7280000000000013	1.5770000000000013	1.6362000000000014	
118.0	1.9984000000000017	2.0966000000000022	2.163800000000002	1.8274000000000017	1.9016000000000017	1.9448000000000016	1.7404000000000017	1.5808000000000015	1.6452000000000016	
119.0	2.0408000000000017	2.1146000000000016	2.165800000000002	1.8352000000000017	1.8944000000000016	1.9458000000000015	1.7584000000000017	1.6244000000000014	1.6738000000000015	
120.0	1.9514000000000016	2.0242000000000018	2.109600000000002	1.7682000000000015	1.8414000000000017	1.898000000000002	1.7170000000000016	1.5802000000000016	1.6336000000000013	
121.0	1.9756000000000018	2.051800000000002	2.117600000000002	1.7666000000000017	1.8346000000000018	1.8946000000000018	1.7044000000000015	1.5460000000000014	1.6060000000000016	
122.0	1.966400000000002	2.0444000000000018	2.097800000000002	1.8064000000000018	1.8624000000000016	1.9090000000000018	1.7144000000000015	1.5722000000000016	1.6276000000000015	
123.0	2.0338000000000016	2.100400000000002	2.1644000000000014	1.8480000000000016	1.9102000000000017	1.9572000000000016	1.7408000000000015	1.5720000000000014	1.6338000000000015	
124.0	2.0338000000000016	2.104000000000002	2.1546000000000016	1.8126000000000018	1.8762000000000016	1.9310000000000016	1.7286000000000017	1.5688000000000015	1.6342000000000014	
125.0	2.153800000000002	2.238800000000002	2.294600000000002	1.9486000000000017	2.0244000000000018	2.0912000000000015	1.8560000000000019	1.6806000000000014	1.7530000000000017	
126.0	2.1028000000000016	2.1726000000000023	2.235200000000002	1.8824000000000018	1.9440000000000017	2.006600000000002	1.7824000000000018	1.6054000000000015	1.6686000000000014	
127.0	2.0918000000000014	2.163400000000002	2.2414000000000023	1.8608000000000016	1.9356000000000018	2.0010000000000017	1.7698000000000016	1.6096000000000015	1.6738000000000015	
128.0	2.100800000000002	2.1872000000000016	2.259600000000002	1.8888000000000018	1.9666000000000017	2.018000000000002	1.8116000000000017	1.6528000000000014	1.7136000000000013	
129.0	2.056800000000002	2.1246000000000023	2.1942000000000017	1.8240000000000016	1.8926000000000018	1.9560000000000017	1.7406000000000015	1.5822000000000014	1.6514000000000015	
130.0	2.099000000000002	2.159400000000002	2.215600000000002	1.8938000000000017	1.9444000000000017	2.0004000000000017	1.8204000000000014	1.6684000000000014	1.7246000000000017	
131.0	1.9872000000000016	2.078600000000002	2.139000000000002	1.8038000000000016	1.8652000000000017	1.918000000000002	1.7370000000000014	1.6078000000000015	1.6584000000000014	
132.0	1.9772000000000018	2.030800000000002	2.091400000000002	1.7838000000000018	1.8378000000000017	1.891400000000002	1.7188000000000014	1.6034000000000015	1.6476000000000013	
133.0	2.0032000000000014	2.0716000000000023	2.133800000000002	1.8070000000000015	1.8572000000000017	1.9052000000000018	1.7432000000000016	1.5934000000000015	1.6552000000000016	
134.0	1.9678000000000015	2.039000000000002	2.1076000000000024	1.7740000000000016	1.8362000000000016	1.8910000000000018	1.7116000000000016	1.5730000000000013	1.6208000000000016	
135.0	1.958400000000002	2.0530000000000017	2.140400000000002	1.7724000000000015	1.8424000000000016	1.9144000000000019	1.7140000000000015	1.5600000000000014	1.6186000000000016	
136.0	2.0502000000000016	2.101800000000002	2.177000000000002	1.8524000000000016	1.9110000000000016	1.9672000000000018	1.7726000000000015	1.6230000000000013	1.6758000000000015	
137.0	2.050400000000002	2.136800000000002	2.200200000000002	1.8356000000000017	1.8976000000000015	1.9676000000000018	1.7474000000000016	1.5774000000000015	1.6444000000000014	
138.0	2.135000000000002	2.196000000000002	2.267200000000002	1.9270000000000018	1.9868000000000017	2.059000000000002	1.8474000000000015	1.6700000000000013	1.7238000000000016	
139.0	2.1206000000000023	2.175400000000002	2.2260000000000018	1.9012000000000016	1.9790000000000019	2.0372000000000017	1.7908000000000015	1.6292000000000015	1.6856000000000015	
140.0	2.120600000000002	2.190400000000002	2.2492000000000023	1.8798000000000015	1.9654000000000016	2.024000000000002	1.7964000000000018	1.6308000000000014	1.6958000000000015	
141.0	2.060800000000002	2.131800000000002	2.1682000000000015	1.8248000000000018	1.902000000000002	1.9684000000000017	1.7554000000000014	1.5780000000000014	1.6398000000000015	
142.0	2.060200000000002	2.139800000000002	2.185400000000002	1.8516000000000017	1.9144000000000017	1.9574000000000016	1.7290000000000016	1.5688000000000013	1.6442000000000014	
143.0	1.9990000000000019	2.0844000000000014	2.1356000000000024	1.7996000000000016	1.8640000000000017	1.9154000000000018	1.7102000000000017	1.5644000000000013	1.6300000000000017	
144.0	2.017800000000002	2.103000000000002	2.1662000000000017	1.8256000000000017	1.894000000000002	1.9440000000000017	1.7254000000000016	1.5668000000000015	1.6392000000000015	
145.0	1.9680000000000017	2.027200000000002	2.0860000000000016	1.7696000000000014	1.8356000000000015	1.8782000000000016	1.6874000000000016	1.5514000000000014	1.6116000000000015	
146.0	1.9900000000000018	2.0540000000000016	2.117800000000002	1.8106000000000018	1.8568000000000016	1.8936000000000017	1.7150000000000016	1.5696000000000012	1.6194000000000015	
147.0	2.083400000000002	2.1572000000000022	2.2084000000000024	1.871400000000002	1.9426000000000017	1.9918000000000018	1.7744000000000015	1.6290000000000013	1.6810000000000014	
148.0	2.032200000000002	2.1032000000000015	2.154200000000002	1.8396000000000017	1.9018000000000015	1.9498000000000018	1.7566000000000017	1.5930000000000015	1.6542000000000014	
149.0	2.092800000000002	2.161800000000002	2.218400000000002	1.9102000000000017	1.9782000000000017	2.0242000000000018	1.7988000000000015	1.6336000000000013	1.6820000000000013	
150.0	2.069400000000002	2.162400000000002	2.2236000000000016	1.8368000000000018	1.9086000000000016	1.954200000000002	1.7262000000000017	1.5670000000000013	1.6288000000000016	
151.0	2.090600000000002	2.168600000000002	2.2094000000000023	1.8606000000000018	1.9390000000000018	1.9906000000000017	1.7606000000000017	1.5888000000000015	1.6544000000000014	
152.0	2.0448000000000017	2.1196000000000024	2.181200000000002	1.8534000000000015	1.917400000000002	1.9610000000000019	1.7660000000000016	1.5914000000000015	1.6606000000000016	
153.0	2.051000000000002	2.1296000000000017	2.189000000000002	1.8144000000000013	1.906000000000002	1.970400000000002	1.7382000000000017	1.5822000000000014	1.6374000000000015	
154.0	2.0756000000000023	2.141000000000002	2.2122000000000015	1.8708000000000018	1.9370000000000018	1.9890000000000019	1.7962000000000016	1.6344000000000014	1.6856000000000015	
155.0	2.039400000000002	2.112200000000002	2.182400000000002	1.791000000000002	1.867400000000002	1.9378000000000015	1.7240000000000015	1.5592000000000017	1.6284000000000014	
156.0	1.937800000000002	2.022800000000002	2.0772000000000017	1.7452000000000016	1.8000000000000018	1.8538000000000014	1.6902000000000017	1.5522000000000014	1.6044000000000014	
157.0	2.047800000000002	2.118200000000002	2.1716000000000015	1.8282000000000016	1.9016000000000017	1.9556000000000018	1.7588000000000015	1.6292000000000015	1.6792000000000016	
158.0	1.9754000000000016	2.042400000000002	2.0946000000000016	1.769000000000002	1.8370000000000017	1.8882000000000017	1.7184000000000015	1.5924000000000014	1.6360000000000017	
159.0	2.0924000000000023	2.1504000000000016	2.198600000000002	1.8582000000000016	1.9236000000000018	1.963800000000002	1.7688000000000015	1.6322000000000016	1.6848000000000016	
160.0	2.0412000000000017	2.115000000000002	2.193000000000002	1.8500000000000016	1.9222000000000017	1.9738000000000018	1.7658000000000016	1.6236000000000015	1.6706000000000014	
161.0	2.070600000000002	2.131800000000002	2.207800000000002	1.8668000000000018	1.9316000000000018	1.9778000000000018	1.7618000000000016	1.5754000000000015	1.6408000000000016	
162.0	2.108400000000002	2.168600000000002	2.225400000000002	1.8840000000000017	1.9458000000000015	2.0042000000000018	1.8032000000000017	1.6362000000000014	1.6932000000000014	
163.0	2.0770000000000017	2.1552000000000016	2.2336000000000023	1.8570000000000015	1.9372000000000016	1.983600000000002	1.7730000000000015	1.6108000000000013	1.6540000000000015	
164.0	2.1382000000000017	2.217600000000002	2.2854000000000023	1.9346000000000017	2.0024000000000015	2.0486000000000018	1.8380000000000016	1.6710000000000016	1.7294000000000014	
165.0	2.100200000000002	2.164400000000002	2.228400000000002	1.8850000000000018	1.9508000000000019	2.0112000000000014	1.7704000000000015	1.6150000000000013	1.6740000000000015	
166.0	2.069800000000002	2.139200000000002	2.2100000000000017	1.8698000000000015	1.9376000000000018	1.9926000000000017	1.7826000000000017	1.6290000000000013	1.6786000000000014	
167.0	2.055800000000002	2.164400000000002	2.2134000000000023	1.8922000000000017	1.9456000000000018	1.979200000000002	1.7862000000000016	1.6460000000000015	1.7008000000000016	
168.0	2.0004000000000013	2.0780000000000016	2.122800000000002	1.8002000000000016	1.8556000000000017	1.9066000000000016	1.7312000000000016	1.6080000000000014	1.6512000000000016	
169.0	1.997800000000002	2.068200000000002	2.1250000000000018	1.8280000000000018	1.8738000000000015	1.9074000000000018	1.7280000000000015	1.5844000000000014	1.6382000000000017	
170.0	1.9886000000000017	2.069400000000002	2.114600000000002	1.8364000000000016	1.8864000000000016	1.9280000000000017	1.7606000000000017	1.6288000000000016	1.6928000000000016	
171.0	2.0424000000000015	2.113200000000002	2.1692000000000022	1.8448000000000015	1.9170000000000018	1.9604000000000017	1.7850000000000017	1.6304000000000014	1.6884000000000015	
172.0	2.080400000000002	2.1540000000000017	2.215800000000002	1.8892000000000015	1.9526000000000017	1.9916000000000018	1.7970000000000015	1.6360000000000017	1.6886000000000017	
173.0	2.124800000000002	2.2104000000000017	2.265000000000002	1.9158000000000017	1.9902000000000017	2.039600000000002	1.8372000000000017	1.6746000000000016	1.7252000000000016	
174.0	2.083400000000002	2.1572000000000022	2.2180000000000017	1.8682000000000016	1.9412000000000016	1.9996000000000016	1.7752000000000017	1.5994000000000015	1.6538000000000015	
175.0	2.0650000000000017	2.152000000000002	2.221400000000002	1.8492000000000017	1.9308000000000016	1.984400000000002	1.7698000000000016	1.6102000000000012	1.6716000000000015	
176.0	2.0624000000000016	2.141400000000002	2.2034000000000025	1.8538000000000017	1.930200000000002	1.9970000000000019	1.776400000000002	1.6130000000000013	1.6684000000000014	
177.0	2.060000000000002	2.148800000000002	2.213800000000002	1.8578000000000015	1.9146000000000016	1.9712000000000016	1.7750000000000017	1.6252000000000015	1.6828000000000016	
178.0	2.0374000000000017	2.1096000000000017	2.164600000000002	1.8038000000000018	1.8920000000000017	1.947400000000002	1.7440000000000013	1.5938000000000014	1.6534000000000015	
179.0	2.054400000000002	2.1384000000000025	2.203600000000002	1.8668000000000018	1.9266000000000016	1.965800000000002	1.7668000000000015	1.6186000000000016	1.6748000000000016	
180.0	2.0772000000000017	2.141800000000002	2.189400000000002	1.8698000000000015	1.9216000000000018	1.969800000000002	1.7958000000000016	1.6428000000000016	1.7038000000000015	
181.0	2.0090000000000017	2.0770000000000017	2.130600000000002	1.8214000000000015	1.8754000000000017	1.9244000000000019	1.7484000000000015	1.6170000000000015	1.6698000000000015	
182.0	1.9826000000000017	2.0330000000000017	2.098800000000002	1.7898000000000016	1.851400000000002	1.9004000000000019	1.7098000000000015	1.5494000000000014	1.6246000000000014	
183.0	2.027400000000002	2.088600000000002	2.1396000000000024	1.8138000000000019	1.8770000000000018	1.9298000000000015	1.7476000000000016	1.6088000000000016	1.6666000000000014	
184.0	2.0656000000000017	2.129000000000002	2.203800000000002	1.8772000000000015	1.9232000000000016	1.9786000000000017	1.7982000000000016	1.6350000000000013	1.6882000000000015	
185.0	2.0864000000000016	2.160600000000002	2.2122000000000015	1.8786000000000018	1.9440000000000017	2.0082000000000018	1.8008000000000017	1.6304000000000014	1.6930000000000016	
186.0	2.095800000000002	2.1860000000000017	2.259600000000002	1.9066000000000016	1.9782000000000017	2.0248000000000017	1.8198000000000016	1.6532000000000016	1.7090000000000016	
187.0	2.091000000000002	2.180800000000002	2.2372000000000023	1.9048000000000016	1.9700000000000015	2.0188000000000015	1.7966000000000018	1.6506000000000014	1.7142000000000017	
188.0	2.118600000000002	2.1794000000000016	2.234400000000002	1.8832000000000015	1.9576000000000018	2.0004000000000017	1.7894000000000017	1.6212000000000013	1.6772000000000016	
189.0	2.098200000000002	2.185800000000002	2.246400000000002	1.9012000000000016	1.9686000000000017	2.023200000000002	1.7984000000000016	1.6480000000000015	1.6952000000000016	
190.0	2.047000000000002	2.137200000000002	2.195800000000002	1.8496000000000017	1.9186000000000016	1.9606000000000017	1.7548000000000017	1.6088000000000016	1.6658000000000015	
191.0	1.9760000000000018	2.0506000000000015	2.111600000000002	1.7934000000000014	1.8492000000000017	1.8902000000000017	1.7094000000000014	1.5664000000000013	1.6202000000000016	
192.0	2.0324000000000018	2.094800000000002	2.1472000000000016	1.8400000000000016	1.8890000000000018	1.9428000000000019	1.7330000000000017	1.5848000000000015	1.6468000000000016	
193.0	2.001800000000002	2.079000000000002	2.1334000000000017	1.7984000000000018	1.853400000000002	1.9112000000000016	1.7222000000000017	1.6010000000000013	1.6536000000000017	
194.0	2.088800000000002	2.159600000000002	2.2024000000000026	1.879400000000002	1.936400000000002	1.9794000000000018	1.8026000000000018	1.6594000000000015	1.7088000000000017	
195.0	2.096800000000002	2.1726000000000023	2.231600000000002	1.9052000000000018	1.9624000000000017	2.0162000000000018	1.8152000000000017	1.6838000000000015	1.7376000000000018	
196.0	2.0496000000000016	2.131200000000002	2.203600000000002	1.8484000000000016	1.9202000000000017	1.9834000000000016	1.7682000000000015	1.6372000000000015	1.6908000000000016	
197.0	2.0862000000000016	2.151400000000002	2.2016000000000018	1.8486000000000018	1.9138000000000017	1.9666000000000017	1.7706000000000017	1.6058000000000014	1.6642000000000017	
198.0	2.1254000000000013	2.1972000000000023	2.267800000000002	1.9256000000000018	1.9902000000000017	2.045400000000002	1.8178000000000016	1.6258000000000015	1.6952000000000014	
199.0	2.106600000000002	2.1732000000000022	2.225800000000002	1.8872000000000015	1.9568000000000016	2.010800000000002	1.7948000000000015	1.6166000000000014	1.6830000000000016	
200.0	2.0692000000000017	2.131800000000002	2.206600000000002	1.8620000000000019	1.9300000000000017	1.9866000000000017	1.7778000000000016	1.6164000000000014	1.6744000000000014	
201.0	2.073800000000002	2.1604000000000023	2.220000000000002	1.8988000000000016	1.9618000000000015	2.0128000000000017	1.8026000000000018	1.6460000000000015	1.7020000000000017	
202.0	2.0722000000000023	2.150800000000002	2.196400000000002	1.8178000000000016	1.8914000000000017	1.9380000000000017	1.7442000000000015	1.5730000000000013	1.6242000000000016	
203.0	2.011600000000002	2.083000000000002	2.154800000000002	1.8310000000000017	1.8948000000000018	1.9426000000000017	1.7540000000000018	1.6098000000000015	1.6706000000000014	
204.0	2.0118000000000014	2.079000000000002	2.146600000000002	1.8272000000000017	1.9036000000000017	1.9376000000000018	1.7596000000000018	1.6378000000000015	1.6910000000000016	
205.0	1.9640000000000017	2.037400000000002	2.0970000000000018	1.7578000000000016	1.8222000000000016	1.8748000000000018	1.6782000000000015	1.5464000000000016	1.6134000000000015	
206.0	2.031400000000002	2.111400000000002	2.1712000000000016	1.8166000000000018	1.8830000000000016	1.9458000000000015	1.7644000000000017	1.6016000000000017	1.6554000000000015	
207.0	2.028000000000002	2.119400000000002	2.174800000000002	1.8454000000000015	1.916000000000002	1.9572000000000016	1.7500000000000013	1.6008000000000016	1.6654000000000015	
208.0	2.046000000000002	2.133600000000002	2.1946000000000017	1.8442000000000016	1.912000000000002	1.9582000000000017	1.7566000000000017	1.5890000000000013	1.6482000000000017	
209.0	2.097200000000002	2.167400000000002	2.2270000000000016	1.9052000000000016	1.961800000000002	2.0178000000000016	1.8204000000000016	1.6394000000000015	1.6938000000000015	
210.0	2.086800000000002	2.169600000000002	2.228000000000002	1.9184000000000019	1.9736000000000018	2.028000000000002	1.819400000000002	1.6176000000000013	1.6836000000000015	
211.0	2.130800000000002	2.2030000000000016	2.252400000000002	1.9010000000000016	1.9772000000000016	2.0208000000000017	1.7894000000000017	1.6198000000000015	1.6818000000000015	
212.0	2.096000000000002	2.1834000000000016	2.2554000000000016	1.9182000000000017	1.9656000000000018	2.0288000000000017	1.8102000000000016	1.6162000000000014	1.6964000000000015	
213.0	2.087400000000002	2.1792000000000016	2.2344000000000017	1.8972000000000016	1.9626000000000017	2.0126000000000017	1.8034000000000017	1.6302000000000016	1.6894000000000013	
214.0	2.067600000000002	2.1534000000000013	2.229400000000002	1.9002000000000017	1.9616000000000018	2.011600000000002	1.7972000000000017	1.6396000000000017	1.7036000000000016	
215.0	2.0170000000000017	2.0976000000000017	2.1686000000000023	1.8692000000000015	1.937400000000002	1.9752000000000018	1.7666000000000017	1.6224000000000014	1.6840000000000013	
216.0	1.9710000000000019	2.046400000000002	2.118400000000002	1.8116000000000017	1.8686000000000018	1.917800000000002	1.7376000000000016	1.5990000000000013	1.6536000000000015	
217.0	1.9752000000000016	2.039600000000002	2.0970000000000018	1.7964000000000016	1.8434000000000017	1.896000000000002	1.7188000000000014	1.5858000000000017	1.6332000000000015	
218.0	2.0376000000000016	2.1060000000000016	2.178800000000002	1.8766000000000018	1.9366000000000017	1.9934000000000016	1.8134000000000017	1.6616000000000015	1.7138000000000015	
219.0	2.051400000000002	2.106800000000002	2.162800000000002	1.8420000000000016	1.9100000000000017	1.9618000000000015	1.7606000000000017	1.6032000000000017	1.6656000000000015	
220.0	2.0244000000000018	2.1130000000000018	2.183400000000002	1.8612000000000017	1.9224000000000017	1.9748000000000014	1.7890000000000013	1.6290000000000013	1.6870000000000016	
221.0	2.0952000000000015	2.1696000000000017	2.2206000000000023	1.8768000000000018	1.9462000000000017	2.0084000000000017	1.7894000000000014	1.6364000000000014	1.7036000000000016	
222.0	2.1090000000000018	2.190800000000002	2.2454000000000023	1.8932000000000015	1.9576000000000018	2.0158000000000014	1.7988000000000015	1.6368000000000014	1.6922000000000017	
223.0	2.0386000000000015	2.1204000000000014	2.1792000000000016	1.8436000000000017	1.9070000000000018	1.9700000000000017	1.7632000000000017	1.6132000000000017	1.6666000000000014	
224.0	2.022800000000002	2.103000000000002	2.1722000000000015	1.8130000000000017	1.8888000000000018	1.9412000000000016	1.7468000000000015	1.5770000000000013	1.6450000000000014	
225.0	2.077800000000002	2.147800000000002	2.202800000000002	1.8546000000000018	1.9284000000000017	1.9880000000000018	1.7782000000000016	1.6222000000000014	1.6902000000000015	
226.0	2.031400000000002	2.0966000000000022	2.1432000000000015	1.8212000000000017	1.8974000000000018	1.9430000000000018	1.7382000000000017	1.5876000000000012	1.6452000000000013	
227.0	2.0536000000000016	2.129000000000002	2.1716000000000015	1.8370000000000017	1.8998000000000017	1.9546000000000017	1.7662000000000015	1.6328000000000016	1.6858000000000015	
228.0	1.9922000000000017	2.0662000000000016	2.1180000000000017	1.7816000000000016	1.8488000000000016	1.9010000000000018	1.7390000000000017	1.5866000000000013	1.6484000000000014	
229.0	2.057400000000002	2.129600000000002	2.186400000000002	1.8658000000000015	1.9146000000000016	1.9668000000000014	1.7950000000000015	1.6468000000000016	1.7012000000000016	
230.0	2.027000000000002	2.084800000000002	2.134800000000002	1.8302000000000016	1.8958000000000015	1.936800000000002	1.7574000000000014	1.6270000000000013	1.6744000000000014	
231.0	2.0244000000000018	2.090600000000002	2.153200000000002	1.8610000000000015	1.9100000000000017	1.9554000000000018	1.7802000000000016	1.6310000000000013	1.6818000000000015	
232.0	2.0508000000000015	2.1206000000000023	2.190200000000002	1.8672000000000017	1.9302000000000017	1.9786000000000017	1.7880000000000016	1.6156000000000013	1.6900000000000015	
233.0	2.142600000000002	2.209800000000002	2.266600000000002	1.9176000000000017	1.982400000000002	2.0368000000000017	1.8276000000000017	1.6644000000000014	1.7294000000000014	
234.0	2.1574000000000018	2.226400000000002	2.283800000000002	1.9398000000000017	2.0178000000000016	2.072000000000002	1.8214000000000017	1.6436000000000015	1.7130000000000016	
235.0	2.114400000000002	2.189400000000002	2.244400000000002	1.9100000000000017	1.9708000000000019	2.0292000000000017	1.8146000000000018	1.6374000000000015	1.6988000000000016	
236.0	2.1302000000000016	2.198400000000002	2.259600000000002	1.9428000000000016	2.0016000000000016	2.059000000000002	1.8264000000000016	1.6578000000000015	1.7200000000000013	
237.0	2.098200000000002	2.1892000000000023	2.226800000000002	1.9026000000000016	1.9686000000000017	2.024800000000002	1.8012000000000017	1.6364000000000014	1.7022000000000015	
238.0	2.116800000000002	2.198400000000002	2.261200000000002	1.9090000000000018	1.9580000000000017	2.0258000000000016	1.8160000000000018	1.6546000000000014	1.7128000000000017	
239.0	2.006000000000002	2.079400000000002	2.1380000000000017	1.8276000000000017	1.8710000000000016	1.9192000000000016	1.7312000000000016	1.6018000000000014	1.6534000000000015	
240.0	2.098600000000001	2.169000000000002	2.216000000000002	1.8962000000000017	1.9506000000000017	1.994800000000002	1.8142000000000016	1.6744000000000014	1.7280000000000013	
241.0	2.013400000000002	2.0820000000000016	2.150800000000002	1.8260000000000018	1.8928000000000016	1.9376000000000018	1.7556000000000016	1.6170000000000013	1.6790000000000014	
242.0	2.0242000000000018	2.085800000000002	2.146800000000002	1.8692000000000015	1.9242000000000017	1.9696000000000018	1.7906000000000015	1.6504000000000014	1.6922000000000015	
243.0	2.028600000000002	2.119800000000002	2.179200000000002	1.8334000000000015	1.914000000000002	1.9752000000000016	1.7686000000000015	1.6188000000000016	1.6656000000000015	
244.0	2.0496000000000016	2.1214000000000017	2.199200000000002	1.8520000000000016	1.9210000000000016	1.9798000000000018	1.7792000000000017	1.6094000000000015	1.6668000000000016	
245.0	2.0682000000000023	2.160800000000002	2.2270000000000016	1.8736000000000017	1.9584000000000017	2.0168000000000017	1.7960000000000016	1.6344000000000014	1.6906000000000017	
246.0	2.056200000000002	2.1372000000000018	2.1902000000000017	1.8442000000000016	1.9044000000000014	1.9602000000000017	1.7542000000000015	1.5888000000000013	1.6452000000000013	
247.0	2.142400000000002	2.211800000000002	2.288600000000002	1.927800000000002	2.0002000000000018	2.054200000000002	1.8102000000000016	1.6476000000000015	1.7028000000000016	
248.0	2.102400000000002	2.186600000000002	2.2504000000000017	1.8798000000000015	1.9696000000000018	2.026800000000002	1.8104000000000016	1.6344000000000014	1.6882000000000017	
249.0	2.0526000000000018	2.1344000000000016	2.202600000000002	1.8510000000000015	1.9148000000000016	1.9750000000000016	1.7408000000000015	1.5906000000000016	1.6374000000000015	
250.0	2.134200000000002	2.199400000000002	2.261400000000002	1.8928000000000016	1.970200000000002	2.0250000000000017	1.8144000000000018	1.6664000000000014	1.7362000000000017	
251.0	2.0266000000000015	2.0854000000000017	2.1500000000000017	1.8100000000000016	1.8750000000000016	1.9290000000000018	1.7188000000000014	1.5734000000000015	1.6274000000000015	
252.0	2.034400000000002	2.102400000000002	2.169000000000002	1.8400000000000016	1.8974000000000018	1.9360000000000017	1.7568000000000015	1.6022000000000016	1.6638000000000015	
253.0	2.055600000000002	2.1210000000000018	2.185800000000002	1.8636000000000017	1.9264000000000017	1.972400000000002	1.7872000000000017	1.6396000000000017	1.6922000000000017	
254.0	2.0592000000000015	2.126200000000002	2.179200000000002	1.8710000000000018	1.925800000000002	1.9674000000000018	1.7882000000000016	1.6434000000000015	1.7034000000000014	
255.0	2.099000000000002	2.1672000000000016	2.230600000000002	1.9108000000000018	1.9682000000000017	2.011400000000002	1.8128000000000015	1.6422000000000017	1.7170000000000016	
256.0	2.030600000000002	2.1094000000000013	2.186400000000002	1.8628000000000016	1.9242000000000017	1.9730000000000019	1.7680000000000016	1.6080000000000014	1.6692000000000013	
257.0	2.077600000000002	2.166000000000002	2.226600000000002	1.8670000000000015	1.9290000000000018	1.9860000000000018	1.7540000000000013	1.5898000000000017	1.6492000000000016	
258.0	2.1446000000000023	2.227800000000002	2.2990000000000017	1.9374000000000018	2.006800000000002	2.055000000000002	1.8426000000000018	1.6728000000000016	1.7410000000000017	
259.0	2.1014000000000017	2.1884000000000023	2.249000000000002	1.8836000000000017	1.9592000000000016	2.0170000000000017	1.7906000000000015	1.6268000000000014	1.6880000000000013	
260.0	2.113800000000002	2.190400000000002	2.2492000000000023	1.8906000000000018	1.9494000000000016	2.004000000000002	1.8148000000000015	1.6460000000000017	1.7078000000000015	
261.0	2.085600000000002	2.157600000000002	2.217000000000002	1.8768000000000016	1.9314000000000018	1.9850000000000019	1.7830000000000017	1.6186000000000014	1.6828000000000016	
262.0	2.059400000000002	2.1252000000000018	2.190600000000002	1.8442000000000016	1.9014000000000018	1.9488000000000016	1.7444000000000015	1.5820000000000014	1.6450000000000014	
263.0	2.075400000000002	2.145800000000002	2.2086000000000023	1.8440000000000019	1.8968000000000016	1.9542000000000017	1.7444000000000015	1.5826000000000018	1.6394000000000015	
264.0	2.0854000000000013	2.1532000000000022	2.208400000000002	1.8652000000000017	1.9280000000000017	1.983600000000002	1.8014000000000014	1.6570000000000018	1.7130000000000014	
265.0	2.019800000000002	2.088400000000002	2.1504000000000016	1.8364000000000014	1.9054000000000018	1.9520000000000017	1.7620000000000018	1.6204000000000014	1.6884000000000015	
266.0	2.060800000000002	2.127600000000002	2.188400000000002	1.8964000000000019	1.9432000000000016	1.9920000000000018	1.8020000000000016	1.6706000000000012	1.7266000000000015	
267.0	2.068000000000002	2.1336000000000017	2.197400000000002	1.8522000000000016	1.9192000000000016	1.9612000000000018	1.7502000000000015	1.6054000000000015	1.6616000000000015	
268.0	2.0714000000000015	2.147000000000002	2.2104000000000026	1.8944000000000016	1.9512000000000016	2.005800000000002	1.7918000000000016	1.6436000000000015	1.7036000000000016	
269.0	2.054600000000002	2.144000000000002	2.221200000000002	1.8560000000000016	1.9202000000000017	1.964800000000002	1.7670000000000017	1.6038000000000014	1.6568000000000016	
270.0	2.1142000000000016	2.186600000000002	2.2456000000000023	1.8662000000000016	1.9196000000000017	1.9716000000000018	1.7816000000000016	1.6042000000000016	1.6630000000000016	
271.0	2.052000000000002	2.127000000000002	2.202800000000002	1.8712000000000015	1.9292000000000018	1.9862000000000017	1.7828000000000015	1.6012000000000015	1.6650000000000014	
272.0	2.137000000000002	2.219400000000002	2.2806000000000024	1.9306000000000016	1.995600000000002	2.041800000000002	1.8512000000000017	1.6814000000000016	1.7522000000000015	
273.0	2.048800000000002	2.1314000000000015	2.1740000000000017	1.8254000000000017	1.8858000000000017	1.946400000000002	1.7410000000000017	1.5836000000000012	1.6594000000000015	
274.0	2.081800000000002	2.1722000000000015	2.223400000000002	1.8752000000000015	1.9528000000000016	2.0090000000000017	1.8094000000000017	1.6402000000000014	1.6996000000000018	
275.0	2.006200000000002	2.0634000000000015	2.121800000000002	1.8010000000000017	1.8528000000000016	1.9024000000000019	1.7186000000000015	1.5624000000000016	1.6236000000000013	
276.0	2.064200000000002	2.133000000000002	2.1926000000000023	1.8674000000000017	1.9346000000000017	1.975800000000002	1.8012000000000017	1.6584000000000014	1.7096000000000018	
277.0	2.078400000000002	2.1414000000000017	2.187800000000002	1.9084000000000019	1.9596000000000018	2.003600000000002	1.8388000000000018	1.7028000000000016	1.7614000000000014	
278.0	2.0010000000000017	2.073600000000002	2.132400000000002	1.8510000000000018	1.902000000000002	1.9366000000000017	1.7546000000000017	1.6156000000000015	1.6744000000000014	
279.0	2.010400000000002	2.0868000000000015	2.1340000000000017	1.8322000000000016	1.8942000000000017	1.9408000000000019	1.7578000000000016	1.6042000000000012	1.6574000000000015	
280.0	2.047600000000002	2.1236000000000024	2.1746000000000016	1.8514000000000017	1.9212000000000018	1.9750000000000019	1.7798000000000016	1.6296000000000015	1.6902000000000015	
281.0	2.087000000000002	2.158800000000002	2.216800000000002	1.9068000000000018	1.9690000000000019	2.003000000000002	1.7980000000000016	1.6102000000000016	1.6748000000000016	
282.0	2.1040000000000023	2.173800000000002	2.2430000000000017	1.8996000000000017	1.9636000000000018	2.022800000000002	1.7952000000000017	1.6348000000000014	1.6994000000000014	
283.0	2.099600000000002	2.177000000000002	2.237000000000002	1.8882000000000017	1.9492000000000016	2.015800000000002	1.8068000000000015	1.6260000000000014	1.6892000000000014	
284.0	2.1614000000000013	2.242600000000002	2.299400000000002	1.9462000000000017	2.0048000000000017	2.058200000000002	1.8220000000000016	1.6130000000000013	1.6988000000000016	
285.0	2.095200000000002	2.177800000000002	2.244000000000002	1.8802000000000016	1.9502000000000017	2.0126000000000017	1.7922000000000016	1.6102000000000014	1.6814000000000016	
286.0	2.081800000000002	2.152000000000002	2.210600000000002	1.8632000000000017	1.9298000000000015	1.9772000000000016	1.7610000000000017	1.5922000000000012	1.6658000000000015	
287.0	2.0170000000000017	2.084000000000002	2.137200000000002	1.8218000000000016	1.8774000000000017	1.9196000000000017	1.7258000000000016	1.5894000000000015	1.6488000000000016	
288.0	2.0710000000000015	2.157600000000002	2.203400000000002	1.892000000000002	1.9434000000000018	1.9890000000000019	1.7978000000000016	1.6414000000000015	1.6994000000000014	
289.0	2.014000000000002	2.091400000000002	2.1296000000000017	1.8216000000000017	1.8692000000000015	1.9216000000000018	1.7338000000000016	1.5978000000000014	1.6540000000000017	
290.0	2.0850000000000017	2.156600000000002	2.211800000000002	1.8814000000000017	1.9350000000000018	1.9938000000000018	1.8150000000000015	1.6754000000000018	1.7230000000000014	
291.0	2.006600000000002	2.076200000000002	2.122200000000002	1.8174000000000015	1.8704000000000018	1.9192000000000016	1.7350000000000017	1.5890000000000013	1.6466000000000014	
292.0	2.0516000000000023	2.1180000000000017	2.172800000000002	1.8524000000000016	1.9150000000000018	1.9672000000000016	1.7604000000000015	1.5848000000000013	1.6492000000000016	
293.0	2.083000000000002	2.172000000000002	2.224400000000002	1.8922000000000017	1.9506000000000017	1.9970000000000019	1.7884000000000015	1.6278000000000015	1.6854000000000016	
294.0	2.088400000000002	2.162000000000002	2.207800000000002	1.8846000000000018	1.9584000000000017	2.0044000000000017	1.7950000000000015	1.6408000000000014	1.7044000000000015	
295.0	2.031600000000002	2.111000000000002	2.165800000000002	1.8488000000000016	1.9242000000000017	1.9728000000000014	1.7710000000000015	1.5944000000000014	1.6628000000000016	
296.0	2.0896000000000017	2.1734000000000013	2.2284000000000015	1.9068000000000016	1.9726000000000017	2.035000000000002	1.8204000000000016	1.6676000000000017	1.7166000000000017	
297.0	2.090600000000002	2.1552000000000016	2.196200000000002	1.8598000000000017	1.937400000000002	1.9814000000000014	1.7906000000000017	1.6124000000000014	1.6824000000000014	
298.0	2.032000000000002	2.083400000000002	2.1340000000000017	1.8194000000000017	1.8854000000000017	1.9452000000000016	1.7556000000000016	1.6112000000000017	1.6724000000000014	
299.0	2.051400000000002	2.120800000000002	2.182200000000002	1.8510000000000015	1.9126000000000016	1.9642000000000017	1.7950000000000013	1.6452000000000013	1.7016000000000016	
300.0	2.019000000000002	2.1144000000000016	2.159400000000002	1.8284000000000016	1.8836000000000017	1.9440000000000017	1.7676000000000018	1.6212000000000015	1.6858000000000015	
301.0	2.1376000000000017	2.203400000000002	2.243200000000002	1.9174000000000015	1.9762000000000017	2.035200000000002	1.8344000000000016	1.6808000000000016	1.7388000000000015	
302.0	2.0330000000000017	2.090800000000002	2.1502000000000017	1.8300000000000016	1.8840000000000017	1.927400000000002	1.7496000000000016	1.5964000000000014	1.6640000000000017	
303.0	2.0386000000000015	2.1074000000000015	2.180400000000002	1.8558000000000017	1.915600000000002	1.9720000000000018	1.7878000000000016	1.6284000000000014	1.6890000000000016	
304.0	2.021200000000002	2.1054000000000017	2.1632000000000016	1.8304000000000014	1.8948000000000016	1.9562000000000017	1.7614000000000014	1.6102000000000014	1.6678000000000015	
305.0	2.1340000000000017	2.2204000000000015	2.2744000000000018	1.9486000000000017	2.029400000000002	2.0854000000000017	1.8492000000000017	1.6658000000000015	1.7328000000000015	
306.0	2.130400000000002	2.208000000000002	2.273800000000002	1.9268000000000018	1.9910000000000019	2.0536000000000016	1.8240000000000018	1.6514000000000015	1.7152000000000016	
307.0	2.080600000000002	2.180800000000002	2.238200000000002	1.9232000000000016	1.9806000000000017	2.0372000000000017	1.8174000000000017	1.6436000000000015	1.7062000000000015	
308.0	2.103600000000002	2.1802000000000015	2.2326000000000024	1.892000000000002	1.9530000000000018	2.016000000000002	1.7730000000000015	1.6092000000000015	1.6746000000000014	
309.0	2.128000000000002	2.185800000000002	2.2406000000000024	1.891400000000002	1.9570000000000018	2.014400000000002	1.7908000000000015	1.6350000000000013	1.7038000000000015	
310.0	2.079000000000002	2.136000000000002	2.196600000000002	1.8548000000000016	1.9128000000000018	1.9586000000000017	1.7614000000000014	1.6034000000000015	1.6578000000000015	
311.0	2.0984000000000016	2.172600000000002	2.2364000000000024	1.9062000000000017	1.9502000000000017	2.007000000000002	1.8182000000000016	1.6648000000000016	1.7158000000000015	
312.0	2.0368000000000017	2.105400000000002	2.1794000000000016	1.8358000000000017	1.8914000000000017	1.9486000000000017	1.7636000000000018	1.6360000000000015	1.6788000000000016	
313.0	1.9900000000000018	2.059800000000002	2.143000000000002	1.8182000000000016	1.8634000000000017	1.9144000000000014	1.7194000000000014	1.5658000000000014	1.6144000000000014	
314.0	2.0298000000000016	2.096400000000002	2.1580000000000017	1.8332000000000017	1.8858000000000015	1.9394000000000013	1.7652000000000017	1.6028000000000016	1.6496000000000015	
315.0	2.011400000000002	2.068000000000002	2.139600000000002	1.8178000000000016	1.8808000000000016	1.9238000000000015	1.7380000000000015	1.5996000000000012	1.6504000000000014	
316.0	2.051600000000002	2.104000000000002	2.1552000000000016	1.8216000000000017	1.8770000000000018	1.9248000000000016	1.7348000000000015	1.5878000000000017	1.6454000000000015	
317.0	2.084400000000002	2.160000000000002	2.2202000000000015	1.8568000000000016	1.9306000000000016	1.9900000000000018	1.7684000000000017	1.5928000000000015	1.6478000000000015	
318.0	2.0732000000000017	2.1460000000000017	2.2152000000000016	1.8946000000000018	1.9630000000000019	2.0206000000000017	1.8258000000000016	1.6584000000000014	1.7126000000000017	
319.0	2.110800000000002	2.193000000000002	2.270600000000002	1.920000000000002	1.9876000000000018	2.062600000000002	1.8232000000000017	1.6440000000000017	1.7102000000000017	
320.0	2.090400000000002	2.1886000000000023	2.249800000000002	1.8850000000000013	1.9588000000000019	2.0164000000000017	1.7882000000000016	1.6266000000000018	1.6832000000000016	
321.0	2.086600000000002	2.161800000000002	2.2246000000000024	1.8560000000000016	1.9300000000000017	1.9954000000000016	1.7704000000000015	1.6032000000000015	1.6716000000000018	
322.0	2.103800000000002	2.169000000000002	2.2246000000000024	1.8736000000000017	1.931400000000002	1.9890000000000019	1.7870000000000017	1.6322000000000014	1.6928000000000019	
323.0	2.097600000000002	2.166600000000002	2.225000000000002	1.8952000000000016	1.9516000000000018	2.015200000000002	1.8058000000000016	1.6534000000000015	1.7104000000000015	
324.0	2.0646000000000018	2.134800000000002	2.2030000000000016	1.8570000000000018	1.9156000000000017	1.9542000000000017	1.7826000000000017	1.6482000000000017	1.6976000000000016	
325.0	2.0002000000000018	2.0686000000000018	2.1192000000000015	1.8134000000000017	1.8768000000000018	1.9158000000000017	1.7410000000000019	1.6068000000000016	1.6598000000000015	
326.0	1.9580000000000015	2.0372000000000017	2.100000000000002	1.7844000000000018	1.837400000000002	1.8786000000000018	1.7028000000000016	1.5780000000000014	1.6302000000000016	
327.0	2.0610000000000017	2.139800000000002	2.2082000000000015	1.8856000000000017	1.9546000000000017	1.9988000000000017	1.8264000000000016	1.6882000000000017	1.7476000000000018	
328.0	2.0980000000000016	2.159000000000002	2.220000000000002	1.9024000000000019	1.9742000000000017	2.0292000000000017	1.8322000000000016	1.6572000000000016	1.7340000000000015	
329.0	2.115600000000002	2.1860000000000017	2.2414000000000023	1.8918000000000015	1.9590000000000019	2.0162000000000018	1.7940000000000016	1.6492000000000016	1.7170000000000014	
330.0	2.068000000000002	2.1524000000000014	2.213800000000002	1.8638000000000015	1.9306000000000016	1.9812000000000016	1.7624000000000015	1.6024000000000014	1.6666000000000016	
331.0	2.118400000000002	2.185200000000002	2.241400000000002	1.8910000000000016	1.9666000000000017	2.031800000000002	1.7994000000000014	1.6400000000000015	1.7040000000000015	
332.0	2.102200000000002	2.168800000000002	2.223200000000002	1.9094000000000018	1.9750000000000019	2.0390000000000015	1.8170000000000015	1.6452000000000016	1.7010000000000016	
333.0	2.0620000000000016	2.136800000000002	2.1980000000000017	1.8668000000000016	1.9442000000000017	1.9936000000000018	1.7784000000000015	1.6154000000000015	1.6748000000000014	
334.0	2.080000000000002	2.151200000000002	2.216800000000002	1.904000000000002	1.978200000000002	2.027600000000002	1.8154000000000015	1.6686000000000014	1.7208000000000014	
335.0	2.0676000000000023	2.1260000000000017	2.179800000000002	1.8298000000000016	1.901400000000002	1.955800000000002	1.7472000000000016	1.5966000000000014	1.6670000000000014	
336.0	2.1010000000000018	2.158800000000002	2.2246000000000024	1.8870000000000013	1.9420000000000017	2.0000000000000018	1.8010000000000015	1.6664000000000014	1.7194000000000014	
337.0	1.9716000000000018	2.042800000000002	2.086400000000002	1.7732000000000017	1.8388000000000018	1.8990000000000018	1.7004000000000015	1.5698000000000016	1.6270000000000013	
338.0	2.0740000000000016	2.1362000000000014	2.187800000000002	1.8588000000000018	1.9126000000000016	1.9744000000000017	1.7862000000000016	1.6542000000000017	1.7068000000000019	
339.0	2.064800000000002	2.1274000000000015	2.1884000000000015	1.8536000000000017	1.9158000000000017	1.9678000000000018	1.7648000000000015	1.6312000000000015	1.6878000000000015	
340.0	2.064400000000002	2.1562000000000014	2.217400000000002	1.9090000000000018	1.958400000000002	2.019400000000002	1.8110000000000017	1.6664000000000014	1.7344000000000015	
341.0	2.115800000000002	2.195000000000002	2.2480000000000024	1.8970000000000018	1.9636000000000018	2.010400000000002	1.7880000000000014	1.6414000000000015	1.7008000000000016	
342.0	2.114400000000002	2.171000000000002	2.2180000000000017	1.8724000000000018	1.9358000000000015	2.0170000000000017	1.8016000000000016	1.6346000000000016	1.7014000000000014	
343.0	2.093800000000002	2.184400000000002	2.2470000000000017	1.8708000000000016	1.9326000000000016	1.998200000000002	1.7838000000000016	1.6064000000000014	1.6762000000000015	
344.0	2.1112000000000015	2.1832000000000016	2.237200000000002	1.8896000000000017	1.9574000000000018	2.011200000000002	1.8094000000000017	1.6242000000000016	1.6796000000000013	
345.0	2.1260000000000017	2.1950000000000016	2.2582000000000018	1.9068000000000016	1.9798000000000018	2.039200000000002	1.8348000000000015	1.6590000000000014	1.7162000000000017	
346.0	2.0580000000000016	2.137000000000002	2.205200000000002	1.8696000000000017	1.9430000000000018	2.0052000000000016	1.8070000000000015	1.6356000000000015	1.6958000000000015	
347.0	2.0822000000000016	2.1422000000000017	2.2082000000000015	1.8840000000000015	1.9536000000000018	2.008000000000002	1.8094000000000015	1.6530000000000016	1.7094000000000014	
348.0	2.070400000000002	2.135800000000002	2.191200000000002	1.8378000000000017	1.9072000000000016	1.9676000000000018	1.7870000000000017	1.6330000000000013	1.6988000000000016	
349.0	1.9918000000000016	2.0692000000000017	2.116600000000002	1.8030000000000015	1.8700000000000017	1.9172000000000016	1.7420000000000013	1.6116000000000015	1.6638000000000015	
350.0	2.041400000000002	2.1036000000000024	2.154600000000002	1.8454000000000017	1.9064000000000019	1.952400000000002	1.7664000000000015	1.6310000000000018	1.6852000000000016	
351.0	1.9832000000000016	2.0584000000000016	2.0972000000000017	1.7954000000000017	1.8726000000000018	1.9260000000000017	1.7284000000000015	1.5846000000000013	1.6318000000000015	
352.0	2.032000000000002	2.095600000000002	2.156600000000002	1.8526000000000018	1.9232000000000016	1.9732000000000016	1.7804000000000015	1.6244000000000014	1.6734000000000016	
353.0	2.0328000000000017	2.105600000000002	2.1784000000000026	1.8426000000000018	1.9198000000000015	1.9684000000000017	1.7464000000000017	1.5710000000000013	1.6336000000000013	
354.0	2.0780000000000016	2.1676000000000015	2.2342000000000017	1.8962000000000017	1.9794000000000018	2.029400000000002	1.8172000000000015	1.6364000000000014	1.6958000000000015	
355.0	2.094400000000002	2.1910000000000016	2.269000000000002	1.9194000000000015	2.0010000000000017	2.0450000000000017	1.8244000000000016	1.6350000000000013	1.7108000000000017	
356.0	2.046000000000002	2.1592000000000016	2.2310000000000016	1.8478000000000014	1.9374000000000016	1.9952000000000016	1.7640000000000016	1.5906000000000016	1.6490000000000014	
357.0	2.1052000000000017	2.186400000000002	2.2620000000000022	1.8978000000000015	1.9710000000000019	2.0248000000000017	1.8018000000000018	1.6150000000000013	1.6818000000000015	
358.0	2.045800000000002	2.147400000000002	2.2156000000000016	1.8540000000000019	1.9196000000000017	1.9730000000000019	1.7666000000000017	1.5750000000000015	1.6304000000000014	
359.0	2.015800000000002	2.0952000000000015	2.171000000000002	1.8314000000000015	1.8848000000000018	1.9310000000000018	1.7296000000000016	1.5638000000000016	1.6282000000000014	
360.0	2.1174000000000017	2.197800000000002	2.254600000000002	1.912000000000002	1.9792000000000016	2.0268000000000015	1.8206000000000018	1.6620000000000017	1.7224000000000015	
361.0	2.0340000000000016	2.105200000000002	2.169000000000002	1.8740000000000019	1.9188000000000018	1.9570000000000018	1.7750000000000015	1.6278000000000015	1.6846000000000014	
362.0	2.0330000000000017	2.1216000000000017	2.183800000000002	1.8672000000000017	1.9270000000000018	1.9864000000000017	1.7970000000000015	1.6492000000000013	1.7064000000000015	
363.0	2.065400000000002	2.158400000000002	2.237000000000002	1.8830000000000018	1.9408000000000019	1.9968000000000017	1.7872000000000017	1.6256000000000015	1.6910000000000016	
364.0	2.010400000000002	2.101600000000002	2.157000000000002	1.7990000000000015	1.8680000000000019	1.9316000000000018	1.7350000000000019	1.5786000000000013	1.6338000000000013	
365.0	2.037400000000002	2.130400000000002	2.197800000000002	1.8406000000000018	1.9192000000000016	1.9790000000000016	1.7504000000000015	1.6056000000000015	1.6682000000000017	
366.0	2.1562000000000014	2.241800000000002	2.2894000000000023	1.9240000000000017	1.9870000000000019	2.046600000000002	1.8216000000000017	1.6770000000000014	1.7304000000000015	
367.0	2.1052000000000017	2.1806000000000023	2.2406000000000024	1.8846000000000018	1.9642000000000017	2.0216000000000016	1.8088000000000017	1.6354000000000015	1.7008000000000016	
368.0	2.095000000000002	2.1734000000000018	2.245000000000002	1.8858000000000015	1.9542000000000017	2.008000000000002	1.7954000000000017	1.6254000000000015	1.6824000000000014	
369.0	2.035800000000002	2.140400000000002	2.2064000000000017	1.8344000000000014	1.8996000000000017	1.9526000000000017	1.7484000000000015	1.5978000000000014	1.6606000000000012	
370.0	2.031000000000002	2.1312000000000015	2.190800000000002	1.8528000000000016	1.9172000000000016	1.9692000000000018	1.7670000000000017	1.6148000000000013	1.6800000000000013	
371.0	1.9798000000000018	2.042200000000002	2.1076000000000024	1.8006000000000018	1.8576000000000015	1.9030000000000016	1.7240000000000015	1.5744000000000014	1.6312000000000015	
372.0	2.054800000000002	2.124600000000002	2.184800000000002	1.8544000000000014	1.925400000000002	1.9690000000000019	1.7796000000000016	1.6010000000000013	1.6716000000000015	
373.0	2.031200000000002	2.108200000000002	2.1572000000000022	1.8396000000000017	1.8988000000000018	1.9370000000000018	1.7694000000000014	1.6350000000000016	1.6966000000000014	
374.0	2.0702000000000016	2.158800000000002	2.2320000000000024	1.8958000000000017	1.9620000000000017	2.022800000000002	1.8378000000000017	1.6988000000000016	1.7512000000000016	
375.0	2.018600000000002	2.094400000000002	2.157800000000002	1.8430000000000017	1.9036000000000017	1.9570000000000018	1.7788000000000015	1.6312000000000013	1.6966000000000012	
376.0	2.0226000000000015	2.106200000000002	2.152000000000002	1.8230000000000017	1.8812000000000015	1.9384000000000015	1.7450000000000017	1.6018000000000012	1.6618000000000015	
377.0	2.0604000000000022	2.136000000000002	2.186800000000002	1.8868000000000018	1.9548000000000019	1.9980000000000018	1.7858000000000016	1.6218000000000015	1.6762000000000015	
378.0	2.073800000000002	2.174800000000002	2.2402000000000015	1.8958000000000015	1.9596000000000018	2.0032000000000014	1.7852000000000017	1.6298000000000012	1.6898000000000015	
379.0	2.112800000000002	2.206200000000002	2.2904000000000018	1.9340000000000017	1.9982000000000015	2.0564000000000013	1.8374000000000017	1.6684000000000014	1.7334000000000014	
380.0	2.145000000000002	2.241200000000002	2.299400000000002	1.9288000000000016	1.9910000000000019	2.0454000000000017	1.8400000000000016	1.6650000000000016	1.7246000000000017	
381.0	2.087400000000002	2.1552000000000016	2.233000000000002	1.8778000000000015	1.9532000000000018	2.0088000000000017	1.7880000000000016	1.6210000000000013	1.6902000000000015	
382.0	2.035200000000002	2.1302000000000016	2.192200000000002	1.8366000000000018	1.8982000000000017	1.9696000000000018	1.7720000000000016	1.6252000000000013	1.6826000000000014	
383.0	2.0540000000000016	2.1340000000000017	2.177000000000002	1.8248000000000015	1.8858000000000015	1.9316000000000018	1.7286000000000015	1.5862000000000014	1.6440000000000017	
384.0	1.9952000000000019	2.0692000000000017	2.124400000000002	1.8118000000000019	1.8624000000000016	1.908000000000002	1.7446000000000017	1.6240000000000014	1.6718000000000015	
385.0	2.033400000000002	2.100400000000002	2.1582000000000017	1.8536000000000017	1.902000000000002	1.9502000000000017	1.7662000000000015	1.6226000000000016	1.6678000000000015	
386.0	2.110800000000002	2.179400000000002	2.2340000000000018	1.9246000000000016	1.9760000000000018	2.0204000000000018	1.8484000000000018	1.7178000000000015	1.769000000000002	
387.0	1.9574000000000016	2.0212000000000017	2.076800000000002	1.7646000000000017	1.8216000000000017	1.8734000000000017	1.6806000000000014	1.5488000000000015	1.5984000000000014	
388.0	2.0170000000000017	2.0894000000000013	2.145800000000002	1.8436000000000017	1.9086000000000016	1.9640000000000017	1.7662000000000013	1.6050000000000013	1.6580000000000017	
389.0	2.1014000000000017	2.170600000000002	2.2400000000000024	1.8852000000000018	1.944200000000002	2.003600000000002	1.8062000000000016	1.6404000000000014	1.6940000000000015	
390.0	2.1542000000000017	2.228200000000002	2.283800000000002	1.9410000000000018	2.0184000000000015	2.069600000000002	1.8318000000000016	1.6698000000000015	1.7254000000000016	
391.0	2.098000000000002	2.177600000000002	2.2364000000000024	1.9018000000000015	1.9576000000000018	2.0170000000000017	1.8032000000000017	1.6186000000000016	1.6764000000000014	
392.0	2.1014000000000017	2.165000000000002	2.2346000000000017	1.8774000000000017	1.9420000000000017	1.9924000000000017	1.8034000000000014	1.6314000000000015	1.6916000000000018	
393.0	2.0722000000000023	2.139000000000002	2.217000000000002	1.8802000000000016	1.9390000000000018	1.9888000000000017	1.8042000000000016	1.6298000000000015	1.6928000000000016	
394.0	2.034800000000002	2.118800000000002	2.1814000000000013	1.8316000000000014	1.8896000000000017	1.9476000000000018	1.7560000000000016	1.6066000000000016	1.6754000000000016	
395.0	2.035600000000002	2.1072000000000015	2.168800000000002	1.8346000000000018	1.8890000000000016	1.9376000000000018	1.7484000000000015	1.6088000000000016	1.6570000000000016	
396.0	2.0500000000000016	2.1180000000000017	2.154800000000002	1.8380000000000016	1.8906000000000018	1.9328000000000018	1.7740000000000018	1.6338000000000015	1.6852000000000016	
397.0	2.011600000000002	2.075000000000002	2.1306000000000016	1.8260000000000018	1.8964000000000019	1.9486000000000017	1.7838000000000016	1.6444000000000014	1.6848000000000016	
398.0	2.0212000000000017	2.0956000000000023	2.1506000000000016	1.8426000000000018	1.9032000000000016	1.9572000000000016	1.7578000000000016	1.5958000000000012	1.6630000000000014	
399.0	1.9402000000000017	2.003800000000002	2.063600000000002	1.771000000000002	1.8272000000000017	1.8750000000000018	1.6948000000000016	1.5514000000000014	1.6112000000000017	
400.0	2.0130000000000017	2.083000000000002	2.165000000000002	1.8558000000000014	1.9142000000000017	1.9576000000000018	1.7564000000000017	1.5942000000000014	1.6614000000000015	
