1.0	0.140400000000001	0.148400000000001	0.15860000000000102	0.14480000000000104	0.15380000000000105	0.16180000000000103	0.15100000000000102	0.144400000000001	0.15080000000000104	
2.0	0.145600000000001	0.154200000000001	0.161200000000001	0.14620000000000102	0.154200000000001	0.16000000000000103	0.15080000000000104	0.144400000000001	0.150600000000001	
3.0	0.137400000000001	0.145800000000001	0.152600000000001	0.139000000000001	0.14560000000000103	0.15400000000000102	0.14480000000000104	0.140400000000001	0.145600000000001	
4.0	0.140400000000001	0.148400000000001	0.15800000000000103	0.144600000000001	0.149200000000001	0.15500000000000103	0.147600000000001	0.142600000000001	0.146400000000001	
5.0	0.134400000000001	0.14220000000000102	0.15260000000000104	0.137400000000001	0.146400000000001	0.15440000000000104	0.145800000000001	0.140800000000001	0.14720000000000102	
6.0	0.134400000000001	0.141400000000001	0.15140000000000103	0.13680000000000103	0.14580000000000104	0.15440000000000104	0.144600000000001	0.139000000000001	0.146600000000001	
7.0	0.13300000000000103	0.14020000000000102	0.14880000000000104	0.136600000000001	0.14420000000000102	0.149600000000001	0.143000000000001	0.138000000000001	0.14520000000000102	
8.0	0.140400000000001	0.14700000000000102	0.154200000000001	0.14200000000000101	0.14900000000000102	0.15400000000000102	0.14480000000000104	0.13820000000000102	0.14340000000000103	
9.0	0.133200000000001	0.140800000000001	0.149400000000001	0.13500000000000104	0.14240000000000103	0.149400000000001	0.140800000000001	0.135600000000001	0.139400000000001	
10.0	0.145600000000001	0.15680000000000102	0.16860000000000105	0.149200000000001	0.15980000000000102	0.16940000000000102	0.15880000000000102	0.14720000000000102	0.15560000000000104	
11.0	0.153600000000001	0.16700000000000104	0.17900000000000102	0.16000000000000103	0.17120000000000102	0.18080000000000104	0.16880000000000103	0.15980000000000102	0.17020000000000104	
12.0	0.164600000000001	0.17700000000000102	0.19340000000000102	0.170000000000001	0.180600000000001	0.19120000000000104	0.17700000000000102	0.166200000000001	0.17220000000000102	
13.0	0.16160000000000102	0.17240000000000102	0.188200000000001	0.16720000000000104	0.17500000000000102	0.18980000000000102	0.17220000000000102	0.16440000000000102	0.17240000000000102	
14.0	0.165400000000001	0.18060000000000098	0.19380000000000103	0.171800000000001	0.18340000000000103	0.19340000000000102	0.17780000000000104	0.16760000000000103	0.176600000000001	
15.0	0.18780000000000102	0.20440000000000103	0.22360000000000102	0.19060000000000105	0.20580000000000104	0.22020000000000103	0.20140000000000102	0.18800000000000103	0.19760000000000102	
16.0	0.18140000000000103	0.19560000000000105	0.211600000000001	0.184600000000001	0.19600000000000103	0.20600000000000102	0.19040000000000104	0.18080000000000104	0.18700000000000103	
17.0	0.15700000000000103	0.169400000000001	0.17880000000000104	0.16360000000000105	0.172000000000001	0.18060000000000104	0.16980000000000103	0.16040000000000104	0.16680000000000103	
18.0	0.15200000000000102	0.168000000000001	0.18080000000000104	0.16380000000000103	0.172000000000001	0.183200000000001	0.16980000000000103	0.16100000000000103	0.16820000000000102	
19.0	0.14620000000000102	0.15540000000000107	0.16480000000000103	0.152200000000001	0.16280000000000103	0.17140000000000102	0.16160000000000105	0.15380000000000105	0.16140000000000104	
20.0	0.158200000000001	0.17080000000000103	0.183600000000001	0.16460000000000102	0.17400000000000101	0.18440000000000104	0.174600000000001	0.166200000000001	0.17480000000000104	
21.0	0.193200000000001	0.20680000000000104	0.21960000000000104	0.19840000000000105	0.21060000000000104	0.222200000000001	0.20660000000000103	0.19220000000000104	0.20540000000000103	
22.0	0.20460000000000106	0.22920000000000104	0.25800000000000106	0.22100000000000103	0.23740000000000103	0.24980000000000108	0.227200000000001	0.20680000000000104	0.22080000000000102	
23.0	0.23320000000000105	0.25220000000000103	0.27020000000000105	0.23840000000000103	0.25860000000000105	0.275400000000001	0.25260000000000105	0.23580000000000104	0.24960000000000104	
24.0	0.23660000000000106	0.25860000000000105	0.2818000000000011	0.24360000000000104	0.26120000000000104	0.2778000000000011	0.25440000000000107	0.24220000000000108	0.25440000000000107	
25.0	0.20960000000000104	0.23380000000000103	0.2634000000000011	0.22500000000000103	0.24180000000000104	0.26360000000000106	0.23720000000000105	0.22500000000000103	0.23420000000000105	
26.0	0.21140000000000103	0.23440000000000105	0.256400000000001	0.22300000000000103	0.23880000000000104	0.25520000000000104	0.23480000000000104	0.22020000000000103	0.23360000000000106	
27.0	0.22180000000000102	0.24520000000000106	0.2684000000000011	0.233000000000001	0.24880000000000105	0.26560000000000106	0.24140000000000106	0.22720000000000104	0.24000000000000102	
28.0	0.21960000000000102	0.24020000000000105	0.26080000000000103	0.22460000000000105	0.24600000000000108	0.260400000000001	0.23860000000000103	0.22540000000000104	0.23740000000000105	
29.0	0.21500000000000102	0.23580000000000104	0.250800000000001	0.21940000000000107	0.23960000000000103	0.255000000000001	0.23240000000000105	0.21900000000000103	0.23400000000000104	
30.0	0.215200000000001	0.23980000000000107	0.264000000000001	0.232000000000001	0.256000000000001	0.270000000000001	0.2522000000000011	0.23460000000000106	0.25040000000000107	
31.0	0.22600000000000103	0.24520000000000103	0.267000000000001	0.22800000000000106	0.24580000000000105	0.266200000000001	0.24240000000000103	0.21760000000000104	0.23420000000000107	
32.0	0.2488000000000011	0.27560000000000107	0.3002000000000011	0.252600000000001	0.27720000000000106	0.29860000000000103	0.2664000000000011	0.24660000000000104	0.26120000000000104	
33.0	0.23760000000000103	0.26220000000000104	0.2868000000000011	0.24540000000000106	0.2598000000000011	0.27260000000000106	0.246200000000001	0.22920000000000107	0.24280000000000102	
34.0	0.265400000000001	0.2888000000000011	0.31040000000000106	0.27020000000000105	0.29020000000000107	0.30580000000000107	0.28220000000000106	0.2608000000000011	0.273200000000001	
35.0	0.2548000000000011	0.27820000000000106	0.30540000000000106	0.257000000000001	0.28120000000000106	0.2990000000000011	0.274000000000001	0.2532000000000011	0.2644000000000011	
36.0	0.29640000000000105	0.32080000000000103	0.34680000000000105	0.29800000000000104	0.31840000000000107	0.34020000000000106	0.3080000000000011	0.2818000000000011	0.2962000000000011	
37.0	0.2920000000000011	0.313000000000001	0.3410000000000011	0.28720000000000107	0.31100000000000105	0.33620000000000105	0.28840000000000104	0.26360000000000106	0.277000000000001	
38.0	0.30040000000000106	0.3248000000000011	0.347200000000001	0.29860000000000103	0.3214000000000011	0.341400000000001	0.29740000000000105	0.2758000000000011	0.29220000000000107	
39.0	0.2788000000000011	0.3012000000000011	0.327000000000001	0.27220000000000105	0.29300000000000104	0.3122000000000011	0.277000000000001	0.25240000000000107	0.2678000000000011	
40.0	0.28020000000000106	0.30280000000000107	0.33540000000000103	0.281200000000001	0.30200000000000105	0.32160000000000105	0.282000000000001	0.2574000000000011	0.274000000000001	
41.0	0.252800000000001	0.27320000000000105	0.29300000000000104	0.25320000000000104	0.27160000000000106	0.28400000000000103	0.25160000000000105	0.23680000000000104	0.24960000000000104	
42.0	0.20500000000000101	0.22140000000000107	0.23760000000000103	0.208600000000001	0.22340000000000104	0.233400000000001	0.21640000000000104	0.20480000000000104	0.21420000000000103	
43.0	0.16000000000000103	0.17460000000000103	0.18680000000000102	0.17220000000000102	0.18200000000000102	0.19060000000000105	0.18140000000000103	0.17160000000000103	0.17920000000000103	
44.0	0.21760000000000101	0.23320000000000105	0.24580000000000105	0.21460000000000104	0.225200000000001	0.23780000000000104	0.21860000000000104	0.20760000000000103	0.21780000000000105	
45.0	0.254000000000001	0.277400000000001	0.301400000000001	0.250000000000001	0.26460000000000106	0.280200000000001	0.253000000000001	0.23720000000000102	0.24780000000000105	
46.0	0.3168000000000011	0.33880000000000104	0.3718000000000011	0.312000000000001	0.3378000000000011	0.35800000000000104	0.3212000000000011	0.29560000000000103	0.3088000000000011	
47.0	0.32560000000000106	0.36100000000000104	0.3954000000000011	0.3204000000000011	0.352600000000001	0.3722000000000011	0.32880000000000104	0.29800000000000104	0.31740000000000107	
48.0	0.39520000000000105	0.4412000000000011	0.46720000000000106	0.35700000000000104	0.3934000000000011	0.4220000000000011	0.37340000000000106	0.33280000000000104	0.35940000000000105	
49.0	0.3580000000000011	0.3876000000000011	0.42300000000000104	0.33840000000000103	0.367800000000001	0.393000000000001	0.3488000000000011	0.31660000000000105	0.336000000000001	
50.0	0.34740000000000104	0.38680000000000103	0.416600000000001	0.3560000000000011	0.383000000000001	0.41240000000000104	0.36700000000000105	0.3434000000000011	0.3610000000000011	
51.0	0.35540000000000105	0.3924000000000011	0.42260000000000103	0.35220000000000107	0.38600000000000106	0.41720000000000107	0.375800000000001	0.3488000000000011	0.3684000000000011	
52.0	0.355600000000001	0.3902000000000011	0.4332000000000011	0.3682000000000011	0.4024000000000011	0.428800000000001	0.3858000000000011	0.36140000000000105	0.3788000000000011	
53.0	0.4076000000000012	0.4498000000000011	0.4784000000000011	0.4144000000000011	0.44640000000000113	0.4748000000000011	0.41420000000000107	0.39040000000000114	0.41320000000000107	
54.0	0.39620000000000105	0.42660000000000103	0.4658000000000011	0.3906000000000011	0.42060000000000103	0.4580000000000011	0.4156000000000011	0.37800000000000106	0.4038000000000011	
55.0	0.4384000000000011	0.48600000000000115	0.5264000000000011	0.43760000000000104	0.48020000000000107	0.5174000000000011	0.4484000000000011	0.41320000000000107	0.441000000000001	
56.0	0.42780000000000107	0.4758000000000011	0.516800000000001	0.44120000000000115	0.4832000000000011	0.5160000000000011	0.45760000000000106	0.4148000000000011	0.45440000000000114	
57.0	0.5130000000000011	0.5698000000000011	0.6242000000000012	0.518400000000001	0.5712000000000012	0.609600000000001	0.531400000000001	0.4670000000000011	0.515400000000001	
58.0	0.5140000000000011	0.5664000000000011	0.6114000000000013	0.5142000000000012	0.5584000000000011	0.6160000000000011	0.5526000000000011	0.4978000000000011	0.5382000000000012	
59.0	0.4874000000000011	0.5538000000000011	0.6090000000000011	0.4804000000000011	0.5262000000000012	0.5806000000000011	0.517800000000001	0.46420000000000106	0.5018000000000011	
60.0	0.5438000000000011	0.6142000000000012	0.6752000000000011	0.5600000000000012	0.6240000000000011	0.6748000000000011	0.6050000000000011	0.5404000000000011	0.5972000000000012	
61.0	0.5758000000000011	0.6660000000000011	0.7240000000000011	0.5790000000000012	0.6450000000000011	0.6972000000000012	0.6124000000000012	0.5416000000000011	0.605600000000001	
62.0	0.6032000000000012	0.6744000000000012	0.7472000000000012	0.5868000000000012	0.6390000000000011	0.6892000000000011	0.5928000000000012	0.520800000000001	0.5744000000000011	
63.0	0.6254000000000011	0.7000000000000012	0.7804000000000012	0.6198000000000011	0.7098000000000012	0.7706000000000012	0.6754000000000011	0.609600000000001	0.6690000000000011	
64.0	0.6558000000000012	0.7312000000000012	0.8224000000000012	0.6418000000000013	0.7280000000000011	0.7752000000000012	0.6616000000000012	0.5972000000000012	0.655800000000001	
65.0	0.7690000000000013	0.8610000000000011	0.9458000000000013	0.7264000000000013	0.8158000000000012	0.8842000000000012	0.7412000000000012	0.6598000000000012	0.7206000000000012	
66.0	0.7200000000000013	0.8156000000000013	0.8954000000000013	0.6882000000000011	0.7696000000000013	0.8376000000000011	0.7114000000000011	0.6338000000000011	0.6840000000000012	
67.0	0.6788000000000011	0.7634000000000012	0.8370000000000014	0.6470000000000011	0.7318000000000011	0.7984000000000012	0.6866000000000011	0.5972000000000011	0.6630000000000011	
68.0	0.7016000000000011	0.8018000000000012	0.8920000000000012	0.6968000000000011	0.7804000000000012	0.8500000000000012	0.7076000000000012	0.6042000000000012	0.6772000000000011	
69.0	0.7188000000000011	0.8060000000000012	0.8980000000000014	0.6814000000000012	0.7508000000000012	0.7964000000000012	0.692200000000001	0.6172000000000012	0.662800000000001	
70.0	0.7510000000000012	0.8582000000000013	0.9484000000000012	0.7466000000000013	0.8342000000000013	0.9228000000000013	0.7830000000000011	0.6668000000000011	0.7370000000000011	
71.0	0.7266000000000012	0.7974000000000012	0.8720000000000011	0.6818000000000012	0.7508000000000012	0.8088000000000012	0.7198000000000011	0.6352000000000012	0.6940000000000012	
72.0	0.7474000000000012	0.8414000000000013	0.9280000000000012	0.7398000000000011	0.8154000000000012	0.8930000000000012	0.7514000000000012	0.6652000000000012	0.7308000000000011	
73.0	0.7972000000000012	0.8926000000000013	0.9830000000000013	0.7372000000000012	0.8070000000000012	0.8804000000000012	0.7490000000000011	0.660800000000001	0.7246000000000011	
74.0	0.7176000000000011	0.8380000000000012	0.9334000000000012	0.7174000000000011	0.8080000000000012	0.8848000000000011	0.7594000000000011	0.6690000000000011	0.726600000000001	
75.0	0.7980000000000012	0.9194000000000012	1.0088000000000013	0.7984000000000012	0.8732000000000012	0.9492000000000012	0.8056000000000012	0.7002000000000012	0.7516000000000012	
76.0	0.8506000000000011	0.9612000000000012	1.0538000000000012	0.8068000000000011	0.8986000000000013	0.9564000000000012	0.8108000000000012	0.7326000000000011	0.7898000000000011	
77.0	0.7548000000000012	0.8742000000000012	0.9730000000000011	0.7520000000000011	0.8126000000000013	0.8876000000000012	0.7542000000000011	0.6714000000000012	0.7324000000000012	
78.0	0.8356000000000011	0.9680000000000011	1.0456000000000012	0.8244000000000012	0.9020000000000012	0.9826000000000011	0.8272000000000012	0.7344000000000012	0.8010000000000012	
79.0	0.8324000000000013	0.9580000000000013	1.0754000000000012	0.8206000000000011	0.9294000000000012	1.0030000000000012	0.8270000000000012	0.7454000000000012	0.8076000000000012	
80.0	0.9060000000000012	1.0168000000000013	1.1726000000000012	0.8568000000000012	0.9620000000000014	1.0506000000000013	0.9068000000000012	0.7862000000000012	0.8660000000000012	
81.0	0.9806000000000012	1.1104000000000014	1.1892000000000014	0.9368000000000013	1.0120000000000011	1.1080000000000014	0.9648000000000013	0.8392000000000012	0.9180000000000011	
82.0	0.9944000000000014	1.1098000000000012	1.2034000000000011	0.9822000000000013	1.0882000000000012	1.1810000000000014	1.0374000000000012	0.9238000000000012	1.0076000000000014	
83.0	0.9730000000000014	1.1246000000000014	1.2320000000000013	0.9610000000000013	1.0722000000000012	1.1612000000000013	1.0126000000000013	0.8928000000000013	0.9610000000000012	
84.0	1.0234000000000012	1.1766000000000012	1.2992000000000015	1.0446000000000013	1.1618000000000013	1.2492000000000014	1.0758000000000014	0.9728000000000013	1.0680000000000014	
85.0	1.1540000000000015	1.2842000000000013	1.4210000000000014	1.1432000000000013	1.2478000000000016	1.3260000000000014	1.1332000000000013	1.0042000000000013	1.0970000000000013	
86.0	1.0300000000000011	1.1620000000000017	1.2560000000000013	1.0130000000000012	1.0964000000000014	1.2012000000000014	1.0216000000000012	0.9250000000000013	0.9990000000000011	
87.0	1.1938000000000015	1.3618000000000015	1.4652000000000014	1.1348000000000016	1.2192000000000014	1.3392000000000015	1.1534000000000015	1.0340000000000014	1.1420000000000015	
88.0	1.2488000000000015	1.3672000000000013	1.4680000000000015	1.1286000000000014	1.2506000000000015	1.3524000000000014	1.1550000000000014	1.0416000000000012	1.123200000000001	
89.0	1.1594000000000015	1.3094000000000015	1.4416000000000015	1.1120000000000014	1.2230000000000014	1.3326000000000013	1.1572000000000013	1.0480000000000014	1.1210000000000013	
90.0	1.1416000000000013	1.3224000000000014	1.4344000000000015	1.0992000000000013	1.1982000000000015	1.3096000000000012	1.107200000000001	1.000200000000001	1.0722000000000012	
91.0	1.0974000000000015	1.2216000000000014	1.3498000000000014	1.0600000000000014	1.1470000000000014	1.2576000000000014	1.0716000000000012	0.9276000000000013	1.012200000000001	
92.0	1.1606000000000012	1.3002000000000011	1.4158000000000013	1.1228000000000014	1.2362000000000015	1.3320000000000014	1.1238000000000012	1.0148000000000013	1.1028000000000013	
93.0	1.1642000000000015	1.2950000000000013	1.3974000000000015	1.0894000000000015	1.2148000000000017	1.3014000000000014	1.1268000000000014	0.9814000000000013	1.0818000000000014	
94.0	1.1684000000000014	1.3130000000000013	1.4426000000000014	1.1216000000000013	1.2258000000000016	1.3202000000000014	1.1608000000000014	1.0256000000000012	1.1176000000000013	
95.0	1.2494000000000014	1.3708000000000016	1.4914000000000014	1.2104000000000015	1.3118000000000016	1.4066000000000012	1.2384000000000015	1.1022000000000014	1.1810000000000014	
96.0	1.2400000000000013	1.4084000000000014	1.5180000000000013	1.1962000000000015	1.2976000000000012	1.4134000000000015	1.2142000000000013	1.0876000000000012	1.1722000000000012	
97.0	1.2272000000000014	1.3890000000000013	1.5018000000000016	1.1976000000000013	1.3492000000000013	1.4212000000000014	1.270200000000001	1.125200000000001	1.2182000000000013	
98.0	1.2526000000000013	1.4092000000000013	1.5422000000000016	1.2500000000000013	1.3564000000000014	1.4648000000000012	1.2880000000000014	1.1336000000000013	1.2332000000000014	
99.0	1.3184000000000013	1.4718000000000016	1.5828000000000015	1.3036000000000012	1.4052000000000013	1.4986000000000015	1.3308000000000013	1.2038000000000013	1.2858000000000016	
100.0	1.3428000000000015	1.4460000000000013	1.5582000000000016	1.2810000000000015	1.3756000000000015	1.4694000000000014	1.3136000000000012	1.192000000000001	1.2638000000000016	
101.0	1.3324000000000014	1.4610000000000014	1.5628000000000015	1.3302000000000014	1.4278000000000015	1.5132000000000014	1.3574000000000015	1.2372000000000014	1.3302000000000012	
102.0	1.3540000000000014	1.5076000000000016	1.6322000000000016	1.3194000000000015	1.4296000000000015	1.5154000000000014	1.3632000000000017	1.2380000000000013	1.3158000000000016	
103.0	1.4360000000000013	1.5924000000000014	1.7092000000000016	1.4202000000000017	1.5268000000000015	1.6042000000000016	1.4454000000000014	1.3078000000000016	1.4004000000000014	
104.0	1.4706000000000015	1.6306000000000018	1.7304000000000015	1.4208000000000014	1.5206000000000015	1.6058000000000014	1.4288000000000014	1.3002000000000014	1.3898000000000015	
105.0	1.4396000000000015	1.5886000000000018	1.6892000000000016	1.4360000000000013	1.5184000000000015	1.5846000000000018	1.4438000000000015	1.3386000000000016	1.3948000000000016	
106.0	1.4760000000000013	1.6064000000000014	1.6866000000000017	1.4388000000000016	1.5096000000000016	1.5690000000000015	1.4234000000000016	1.3054000000000014	1.3594000000000015	
107.0	1.5856000000000015	1.7310000000000014	1.8190000000000017	1.5358000000000016	1.6130000000000015	1.6964000000000015	1.5338000000000016	1.4148000000000016	1.4782000000000017	
108.0	1.5810000000000013	1.7274000000000016	1.8174000000000017	1.5342000000000016	1.6286000000000018	1.6980000000000013	1.5268000000000015	1.4150000000000014	1.4758000000000016	
109.0	1.6814000000000016	1.8006000000000018	1.8714000000000017	1.6052000000000017	1.6788000000000016	1.7494000000000016	1.5902000000000016	1.4722000000000015	1.5248000000000015	
110.0	1.6752000000000014	1.8306000000000018	1.8958000000000015	1.6206000000000016	1.6964000000000015	1.7760000000000018	1.6032000000000017	1.4784000000000015	1.5458000000000016	
111.0	1.5526000000000013	1.6946000000000017	1.7510000000000017	1.4996000000000016	1.5900000000000014	1.6622000000000017	1.5168000000000015	1.3844000000000014	1.4634000000000014	
112.0	1.6436000000000015	1.7874000000000017	1.8704000000000016	1.6026000000000014	1.6884000000000015	1.7488000000000015	1.5992000000000017	1.4832000000000014	1.5438000000000016	
113.0	1.7226000000000017	1.862800000000002	1.9692000000000018	1.6938000000000015	1.7700000000000016	1.8344000000000018	1.6600000000000015	1.5122000000000013	1.5746000000000018	
114.0	1.6998000000000015	1.8254000000000017	1.9024000000000016	1.6252000000000015	1.7180000000000015	1.7868000000000015	1.6186000000000018	1.4878000000000016	1.5544000000000016	
115.0	1.5866000000000018	1.6968000000000016	1.8172000000000017	1.5694000000000015	1.6516000000000015	1.7156000000000018	1.5646000000000018	1.4594000000000014	1.5282000000000013	
116.0	1.6036000000000015	1.7138000000000015	1.8050000000000015	1.5506000000000018	1.6264000000000014	1.6918000000000015	1.5506000000000015	1.4420000000000013	1.4924000000000015	
117.0	1.7232000000000016	1.8232000000000017	1.9298000000000015	1.6984000000000017	1.7776000000000016	1.8362000000000016	1.6760000000000015	1.5424000000000015	1.6300000000000014	
118.0	1.6784000000000014	1.8304000000000016	1.8992000000000016	1.6178000000000015	1.7220000000000015	1.7706000000000015	1.5864000000000016	1.4476000000000016	1.5268000000000015	
119.0	1.6666000000000016	1.7668000000000015	1.8620000000000019	1.6206000000000016	1.6920000000000015	1.7620000000000016	1.6084000000000014	1.5184000000000015	1.5730000000000013	
120.0	1.7364000000000015	1.8566000000000018	1.938400000000002	1.7036000000000018	1.795000000000002	1.8738000000000015	1.6948000000000016	1.5706000000000016	1.6176000000000017	
121.0	1.7284000000000017	1.8450000000000015	1.9208000000000018	1.6612000000000016	1.7508000000000015	1.8204000000000014	1.6574000000000015	1.5558000000000016	1.6188000000000016	
122.0	1.8278000000000019	1.9442000000000017	2.0062000000000015	1.7644000000000017	1.8426000000000018	1.9112000000000016	1.7610000000000017	1.6340000000000015	1.6974000000000014	
123.0	1.8338000000000017	1.9468000000000016	2.022600000000002	1.7768000000000015	1.8316000000000017	1.8898000000000015	1.7444000000000015	1.6298000000000015	1.6822000000000017	
124.0	1.7932000000000017	1.9040000000000017	1.9580000000000017	1.7014000000000016	1.7916000000000016	1.8424000000000018	1.6674000000000015	1.5586000000000015	1.6142000000000016	
125.0	1.7882000000000018	1.8884000000000019	1.9606000000000017	1.7184000000000017	1.806600000000002	1.8648000000000018	1.7046000000000014	1.5782000000000016	1.6440000000000017	
126.0	1.8266000000000018	1.9534000000000018	2.0298000000000016	1.771000000000002	1.8318000000000019	1.8754000000000017	1.7226000000000017	1.5990000000000015	1.6730000000000016	
127.0	1.8388000000000015	1.924200000000002	1.9844000000000017	1.7634000000000019	1.8294000000000017	1.8656000000000017	1.7048000000000016	1.5994000000000015	1.6516000000000015	
128.0	1.8922000000000019	1.9806000000000017	2.0248000000000017	1.8020000000000018	1.8572000000000017	1.9016000000000017	1.7588000000000015	1.6280000000000017	1.6864000000000015	
129.0	1.954000000000002	2.0326000000000017	2.0872000000000015	1.8634000000000017	1.9230000000000018	1.9650000000000016	1.8214000000000017	1.7028000000000016	1.7448000000000017	
130.0	1.8356000000000017	1.9008000000000016	1.9590000000000019	1.7466000000000015	1.8178000000000016	1.8582000000000019	1.7172000000000016	1.5934000000000015	1.6420000000000017	
131.0	1.9050000000000018	1.972400000000002	2.0210000000000017	1.7690000000000017	1.8390000000000017	1.8886000000000018	1.7366000000000017	1.6238000000000015	1.6748000000000016	
132.0	1.8706000000000018	1.9622000000000017	2.0206000000000017	1.7528000000000015	1.8156000000000017	1.8710000000000018	1.7030000000000018	1.5882000000000016	1.6408000000000016	
133.0	1.7740000000000018	1.8582000000000016	1.911800000000002	1.6716000000000015	1.7416000000000018	1.7978000000000018	1.6470000000000016	1.5276000000000014	1.5820000000000014	
134.0	1.8572000000000017	1.9250000000000018	1.9660000000000015	1.7096000000000016	1.7746000000000017	1.8178000000000016	1.6710000000000016	1.5324000000000015	1.6012000000000015	
135.0	1.934800000000002	1.9976000000000018	2.0244000000000018	1.7642000000000015	1.8106000000000018	1.8650000000000018	1.6870000000000016	1.5430000000000013	1.5972000000000017	
136.0	1.8598000000000017	1.926200000000002	1.9572000000000016	1.7176000000000018	1.7622000000000015	1.8044000000000018	1.6534000000000018	1.5366000000000013	1.5862000000000016	
137.0	1.8730000000000018	1.939400000000002	1.9712000000000016	1.7372000000000016	1.7842000000000016	1.8162000000000016	1.6638000000000017	1.5282000000000016	1.5892000000000015	
138.0	1.9162000000000017	1.9690000000000019	2.0166000000000017	1.7802000000000016	1.8252000000000017	1.8802000000000016	1.7246000000000017	1.6024000000000014	1.6534000000000015	
139.0	1.8592000000000017	1.934800000000002	1.9846000000000017	1.7500000000000016	1.7986000000000018	1.8392000000000017	1.6958000000000015	1.5588000000000015	1.6198000000000015	
140.0	1.8378000000000019	1.891400000000002	1.9322000000000017	1.7256000000000018	1.7614000000000016	1.8092000000000017	1.6548000000000016	1.5104000000000015	1.5724000000000014	
141.0	1.7796000000000016	1.8502000000000016	1.9106000000000016	1.6582000000000017	1.7108000000000017	1.7624000000000017	1.6008000000000016	1.4580000000000013	1.5394000000000014	
142.0	1.9106000000000016	1.966400000000002	2.007800000000002	1.7644000000000015	1.8240000000000018	1.8756000000000017	1.7296000000000018	1.5872000000000015	1.6516000000000015	
143.0	1.879400000000002	1.947400000000002	1.9934000000000016	1.7480000000000016	1.7876000000000014	1.8482000000000016	1.6738000000000015	1.5314000000000016	1.6000000000000016	
144.0	1.8810000000000018	1.9236000000000018	1.982400000000002	1.7260000000000013	1.7792000000000017	1.8250000000000017	1.6682000000000015	1.5398000000000016	1.5904000000000014	
145.0	1.8776000000000017	1.932200000000002	1.9652000000000016	1.7314000000000016	1.7792000000000017	1.8200000000000018	1.6550000000000016	1.5406000000000015	1.5820000000000014	
146.0	1.921400000000002	1.9660000000000017	2.0086000000000017	1.7404000000000017	1.797000000000002	1.8560000000000016	1.6952000000000016	1.5608000000000015	1.6132000000000017	
147.0	1.8380000000000019	1.8968000000000018	1.9268000000000018	1.7008000000000019	1.7590000000000017	1.8080000000000018	1.6360000000000017	1.4962000000000013	1.5552000000000015	
148.0	1.887400000000002	1.9562000000000017	1.985200000000002	1.7682000000000015	1.8284000000000016	1.8830000000000018	1.7152000000000016	1.5820000000000016	1.6360000000000017	
149.0	1.8978000000000015	1.9492000000000018	1.9828000000000017	1.7574000000000018	1.8028000000000017	1.8450000000000017	1.6628000000000016	1.5370000000000017	1.6002000000000016	
150.0	1.8436000000000017	1.9150000000000018	1.9612000000000018	1.7312000000000016	1.7750000000000017	1.8182000000000016	1.6460000000000015	1.5294000000000014	1.5766000000000013	
151.0	1.8866000000000018	1.942400000000002	1.9872000000000016	1.7696000000000018	1.8090000000000017	1.8488000000000016	1.6914000000000013	1.5526000000000015	1.6058000000000014	
152.0	1.8680000000000019	1.9594000000000018	2.0108000000000015	1.7734000000000014	1.8350000000000017	1.8700000000000019	1.7114000000000016	1.5734000000000015	1.6300000000000017	
153.0	1.8898000000000017	1.9642000000000017	2.018400000000002	1.7930000000000015	1.8540000000000019	1.9036000000000017	1.7368000000000015	1.5996000000000017	1.6598000000000015	
154.0	1.8688000000000016	1.9236000000000018	1.9674000000000018	1.7204000000000017	1.7706000000000017	1.8284000000000016	1.6806000000000016	1.5632000000000015	1.6200000000000017	
155.0	1.9030000000000018	1.9694000000000016	2.0262000000000016	1.8082000000000018	1.8556000000000017	1.9054000000000018	1.7352000000000016	1.5914000000000015	1.6368000000000016	
156.0	1.8124000000000018	1.8870000000000016	1.9252000000000016	1.6934000000000013	1.7468000000000015	1.797000000000002	1.6290000000000013	1.5100000000000013	1.5466000000000015	
157.0	1.7928000000000015	1.8648000000000016	1.913400000000002	1.6600000000000015	1.7454000000000016	1.7954000000000017	1.6030000000000015	1.4536000000000013	1.5224000000000015	
158.0	1.8558000000000014	1.9476000000000018	2.006600000000002	1.7200000000000017	1.789000000000002	1.8544000000000014	1.6596000000000017	1.5178000000000016	1.5824000000000014	
159.0	1.8728000000000016	1.9588000000000019	2.018400000000002	1.7336000000000018	1.8026000000000018	1.8638000000000015	1.6858000000000015	1.5360000000000014	1.5846000000000018	
160.0	1.877800000000002	1.9488000000000019	2.004000000000002	1.7318000000000018	1.803400000000002	1.8492000000000017	1.6950000000000016	1.5500000000000014	1.6070000000000015	
161.0	1.9184000000000017	1.9926000000000017	2.0530000000000017	1.7430000000000017	1.8120000000000018	1.8648000000000018	1.6816000000000018	1.5360000000000014	1.5914000000000015	
162.0	1.8144000000000018	1.9264000000000017	1.9714000000000016	1.7114000000000014	1.7912000000000017	1.8470000000000018	1.6536000000000015	1.5170000000000015	1.5748000000000015	
163.0	1.7894000000000014	1.8664000000000018	1.9256000000000018	1.6336000000000017	1.7012000000000016	1.7738000000000016	1.5712000000000015	1.4428000000000016	1.4976000000000014	
164.0	1.8284000000000016	1.9090000000000018	1.9594000000000018	1.7072000000000016	1.7632000000000017	1.8092000000000017	1.6370000000000018	1.4852000000000014	1.5336000000000014	
165.0	1.8018000000000016	1.8912000000000015	1.939400000000002	1.6626000000000016	1.7258000000000016	1.7836000000000016	1.6190000000000015	1.4774000000000014	1.5358000000000014	
166.0	1.8440000000000016	1.960400000000002	2.009800000000002	1.7060000000000013	1.7936000000000016	1.8434000000000017	1.6426000000000018	1.4944000000000015	1.5464000000000018	
167.0	1.8698000000000017	1.9854000000000018	2.0222000000000016	1.7412000000000019	1.8102000000000016	1.8542000000000016	1.6670000000000016	1.5142000000000013	1.5674000000000015	
168.0	1.8128000000000015	1.8980000000000017	1.933800000000002	1.6844000000000017	1.7286000000000015	1.7622000000000015	1.6014000000000015	1.4800000000000015	1.5312000000000017	
169.0	1.9072000000000016	1.998800000000002	2.060200000000002	1.7622000000000015	1.8328000000000015	1.8870000000000018	1.6928000000000016	1.5460000000000014	1.6066000000000014	
170.0	1.9328000000000018	2.007000000000002	2.0546000000000015	1.7828000000000015	1.8450000000000017	1.8914000000000017	1.6808000000000016	1.5502000000000014	1.6228000000000016	
171.0	1.8458000000000019	1.920000000000002	1.9760000000000018	1.6964000000000015	1.7642000000000015	1.8208000000000015	1.6112000000000017	1.4754000000000014	1.5366000000000015	
172.0	1.827200000000002	1.9166000000000016	1.9746000000000017	1.7128000000000017	1.7668000000000015	1.8098000000000016	1.6380000000000015	1.5182000000000013	1.5576000000000014	
173.0	1.7878000000000016	1.8810000000000018	1.9370000000000018	1.6778000000000015	1.7288000000000014	1.7808000000000015	1.6150000000000013	1.4708000000000012	1.5286000000000015	
174.0	1.8762000000000016	1.9582000000000017	2.0218000000000016	1.7482000000000015	1.8048000000000017	1.8472000000000017	1.6858000000000015	1.5390000000000013	1.5920000000000016	
175.0	1.8856000000000017	1.9520000000000017	1.9948000000000017	1.7364000000000017	1.7900000000000016	1.8410000000000017	1.6534000000000018	1.4960000000000013	1.5742000000000016	
176.0	1.8446000000000018	1.9002000000000017	1.9672000000000018	1.7072000000000016	1.7686000000000017	1.8112000000000017	1.6224000000000016	1.4992000000000014	1.5580000000000014	
177.0	1.8418000000000019	1.9236000000000018	1.9672000000000018	1.7232000000000016	1.7826000000000017	1.8304000000000016	1.6478000000000015	1.5012000000000016	1.5814000000000015	
178.0	1.8854000000000017	1.9608000000000019	2.006800000000002	1.7574000000000016	1.8036000000000016	1.8496000000000017	1.6852000000000016	1.5610000000000013	1.6344000000000014	
179.0	1.8952000000000016	1.9774000000000018	2.0290000000000017	1.7424000000000017	1.8078000000000018	1.8578000000000017	1.6684000000000014	1.5414000000000014	1.5858000000000017	
180.0	1.8512000000000017	1.9192000000000016	1.9694000000000018	1.7054000000000016	1.7582000000000015	1.8236000000000017	1.6646000000000012	1.5282000000000016	1.5808000000000015	
181.0	1.8624000000000018	1.9232000000000016	1.9754000000000018	1.7304000000000015	1.7770000000000017	1.8216000000000017	1.6614000000000015	1.5472000000000017	1.5990000000000013	
182.0	1.8576000000000017	1.9248000000000018	1.9718000000000018	1.7010000000000018	1.7428000000000015	1.785200000000002	1.6562000000000017	1.5422000000000016	1.5886000000000016	
183.0	1.9416000000000018	2.015000000000002	2.071000000000002	1.8030000000000017	1.8744000000000018	1.9188000000000018	1.7260000000000015	1.6046000000000018	1.6678000000000015	
184.0	1.9460000000000017	1.997800000000002	2.060000000000002	1.7944000000000018	1.8564000000000016	1.9030000000000018	1.7568000000000015	1.6174000000000015	1.6738000000000015	
185.0	1.8912000000000015	1.9560000000000017	1.9874000000000018	1.7338000000000016	1.7886000000000017	1.8362000000000016	1.6936000000000018	1.5550000000000015	1.6202000000000016	
186.0	1.9078000000000015	1.9680000000000017	2.026600000000002	1.7838000000000016	1.8256000000000014	1.8676000000000017	1.7190000000000019	1.5848000000000015	1.642000000000002	
187.0	1.8160000000000016	1.880000000000002	1.9454000000000016	1.6664000000000014	1.7218000000000016	1.7648000000000015	1.6082000000000014	1.4962000000000015	1.5316000000000014	
188.0	1.9618000000000015	2.035000000000002	2.0574000000000017	1.7966000000000018	1.8540000000000019	1.8986000000000016	1.7444000000000017	1.6110000000000015	1.6728000000000016	
189.0	1.9272000000000016	1.9934000000000018	2.035400000000002	1.7686000000000017	1.8220000000000018	1.8606000000000018	1.7242000000000017	1.5894000000000015	1.6520000000000017	
190.0	1.8666000000000018	1.9346000000000017	1.9616000000000018	1.7252000000000016	1.7734000000000016	1.8154000000000017	1.6354000000000015	1.5014000000000014	1.5512000000000015	
191.0	1.8886000000000018	1.9400000000000017	1.9862000000000017	1.7244000000000015	1.7760000000000016	1.8422000000000016	1.6750000000000014	1.5466000000000013	1.5938000000000014	
192.0	1.9310000000000016	2.0068000000000015	2.060800000000002	1.7676000000000014	1.8364000000000016	1.8832000000000018	1.7176000000000018	1.5694000000000015	1.6248000000000016	
193.0	1.8906000000000018	1.958200000000002	2.0132000000000017	1.7722000000000016	1.8300000000000018	1.8936000000000017	1.7082000000000017	1.5850000000000013	1.6256000000000013	
194.0	1.8442000000000016	1.8978000000000015	1.945400000000002	1.7142000000000017	1.7744000000000018	1.8122000000000016	1.6298000000000015	1.4800000000000015	1.5372000000000015	
195.0	1.8264000000000018	1.8798000000000017	1.9268000000000016	1.7036000000000018	1.7498000000000016	1.8124000000000018	1.6370000000000016	1.5026000000000015	1.5476000000000014	
196.0	1.8922000000000017	1.9614000000000018	2.006200000000002	1.7442000000000015	1.7962000000000016	1.8622000000000016	1.6838000000000015	1.5450000000000013	1.5978000000000014	
197.0	1.8062000000000016	1.8770000000000018	1.9276000000000018	1.6756000000000015	1.7456000000000018	1.8088000000000017	1.6348000000000016	1.4990000000000014	1.5498000000000014	
198.0	1.8822000000000019	1.956200000000002	2.003000000000002	1.7598000000000016	1.8040000000000018	1.853400000000002	1.6794000000000016	1.5342000000000016	1.5968000000000016	
199.0	1.8902000000000017	1.9512000000000016	1.9992000000000019	1.7768000000000015	1.827400000000002	1.881400000000002	1.7054000000000016	1.5602000000000014	1.6156000000000017	
200.0	1.885800000000002	1.9542000000000022	1.9814000000000018	1.7246000000000017	1.7816000000000016	1.8332000000000017	1.679400000000002	1.5478000000000016	1.5886000000000018	
201.0	1.8996000000000017	1.986400000000002	2.023400000000002	1.7934000000000017	1.8436000000000017	1.8952000000000016	1.7330000000000019	1.5810000000000013	1.6416000000000017	
202.0	1.9390000000000018	2.001400000000002	2.0404000000000018	1.7480000000000016	1.8102000000000016	1.8680000000000019	1.7020000000000015	1.5448000000000015	1.5992000000000017	
203.0	1.8114000000000017	1.8694000000000017	1.9078000000000015	1.6742000000000015	1.7362000000000017	1.7872000000000017	1.6206000000000014	1.4892000000000012	1.5432000000000015	
204.0	1.9246000000000016	1.996800000000002	2.0332000000000017	1.781000000000002	1.8288000000000015	1.8846000000000018	1.7178000000000015	1.5838000000000017	1.6406000000000018	
205.0	1.9172000000000016	1.9872000000000019	2.019800000000002	1.7488000000000015	1.7996000000000016	1.8626000000000018	1.7012000000000016	1.5708000000000015	1.6256000000000017	
206.0	1.8402000000000016	1.930400000000002	1.9660000000000017	1.7060000000000013	1.7628000000000015	1.8112000000000017	1.6364000000000014	1.4964000000000015	1.5712000000000017	
207.0	1.883400000000002	1.970800000000002	2.015400000000002	1.7240000000000018	1.7880000000000018	1.8390000000000017	1.6276000000000015	1.4828000000000015	1.5632000000000015	
208.0	1.9790000000000019	2.042200000000002	2.0854000000000017	1.7712000000000017	1.8442000000000016	1.898000000000002	1.7178000000000018	1.5544000000000018	1.6326000000000016	
209.0	1.949800000000002	2.033400000000002	2.111800000000002	1.7896000000000016	1.8504000000000014	1.9056000000000017	1.7222000000000017	1.5668000000000015	1.6362000000000017	
210.0	1.8784000000000014	1.9470000000000018	1.9848000000000017	1.7216000000000018	1.7742000000000016	1.8170000000000017	1.6420000000000017	1.4990000000000014	1.5618000000000016	
211.0	1.8706000000000018	1.9546000000000017	2.002600000000002	1.6938000000000015	1.753000000000002	1.8180000000000016	1.6474000000000015	1.5054000000000014	1.5660000000000016	
212.0	1.8730000000000018	1.9270000000000018	1.9860000000000018	1.7168000000000014	1.7594000000000016	1.8130000000000015	1.6322000000000016	1.4998000000000016	1.5560000000000014	
213.0	1.8448000000000018	1.9212000000000016	1.9560000000000017	1.6902000000000017	1.7494000000000016	1.7872000000000017	1.5870000000000013	1.4354000000000016	1.4986000000000015	
214.0	1.8668000000000016	1.937400000000002	1.9910000000000019	1.7310000000000019	1.7806000000000017	1.8298000000000019	1.6638000000000015	1.5054000000000014	1.5728000000000015	
215.0	1.8818000000000017	1.9552000000000018	1.992200000000002	1.7214000000000016	1.7836000000000016	1.8346000000000018	1.6500000000000017	1.4762000000000015	1.5382000000000016	
216.0	1.8936000000000017	1.9702000000000017	2.009400000000002	1.7526000000000017	1.8074000000000017	1.8478000000000017	1.6738000000000015	1.4936000000000016	1.5720000000000014	
217.0	1.8790000000000018	1.9526000000000017	1.9950000000000019	1.7248000000000014	1.7996000000000014	1.8506000000000018	1.6774000000000018	1.5078000000000016	1.5750000000000013	
218.0	1.8534000000000017	1.9360000000000017	1.9928000000000015	1.7144000000000015	1.7856000000000014	1.8384000000000016	1.6362000000000017	1.4732000000000016	1.5436000000000014	
219.0	1.9246000000000016	2.0086000000000017	2.059400000000002	1.7322000000000017	1.8372000000000017	1.8844000000000016	1.6724000000000014	1.5372000000000017	1.5982000000000014	
220.0	1.9136000000000017	1.9828000000000017	2.0346000000000015	1.7816000000000016	1.8536000000000017	1.8954000000000018	1.7284000000000015	1.5864000000000014	1.6516000000000017	
221.0	1.8790000000000018	1.968400000000002	2.0084000000000017	1.7522000000000015	1.8002000000000016	1.8318000000000016	1.6606000000000014	1.5174000000000014	1.5810000000000013	
222.0	1.9994000000000018	2.042600000000002	2.0812000000000017	1.8230000000000015	1.8932000000000015	1.9392000000000018	1.7626000000000017	1.5998000000000014	1.6634000000000015	
223.0	1.841200000000002	1.9214000000000018	1.9640000000000017	1.6688000000000016	1.7484000000000015	1.8032000000000017	1.6426000000000014	1.5060000000000013	1.5638000000000016	
224.0	1.8492000000000017	1.9066000000000016	1.952400000000002	1.7162000000000017	1.7588000000000015	1.7994000000000017	1.6592000000000016	1.5108000000000015	1.5620000000000016	
225.0	1.9168000000000018	1.986400000000002	2.0332000000000017	1.7826000000000017	1.8324000000000016	1.8788000000000018	1.7000000000000015	1.5520000000000016	1.6124000000000016	
226.0	1.9132000000000018	1.9772000000000018	2.030200000000002	1.7900000000000018	1.8364000000000018	1.8922000000000017	1.7380000000000018	1.5884000000000014	1.6462000000000017	
227.0	1.9576000000000018	2.013400000000002	2.051800000000002	1.813400000000002	1.8722000000000016	1.9134000000000015	1.7550000000000017	1.6150000000000013	1.6724000000000017	
228.0	1.8528000000000018	1.9294000000000018	1.9736000000000018	1.7132000000000016	1.7726000000000017	1.8236000000000017	1.6554000000000015	1.5254000000000014	1.5892000000000017	
229.0	1.8238000000000016	1.8970000000000018	1.9456000000000018	1.7080000000000015	1.7624000000000017	1.8056000000000014	1.6594000000000015	1.5046000000000013	1.5664000000000013	
230.0	1.9074000000000018	1.9540000000000017	1.9926000000000017	1.7382000000000017	1.8192000000000017	1.8602000000000016	1.6936000000000018	1.5678000000000016	1.6246000000000018	
231.0	1.8994000000000018	1.9760000000000018	2.0092000000000017	1.7516000000000018	1.8190000000000015	1.8726000000000018	1.7140000000000015	1.5816000000000014	1.6362000000000014	
232.0	1.8590000000000018	1.9176000000000017	1.9656000000000018	1.7010000000000016	1.7420000000000015	1.7980000000000016	1.6206000000000016	1.5018000000000016	1.5646000000000015	
233.0	1.925400000000002	2.005400000000002	2.047400000000002	1.7968000000000017	1.8580000000000019	1.9110000000000018	1.7570000000000017	1.6206000000000018	1.6786000000000014	
234.0	1.9428000000000019	1.9950000000000019	2.0344000000000015	1.7598000000000018	1.8208000000000018	1.8740000000000017	1.6704000000000014	1.5254000000000014	1.5778000000000016	
235.0	1.9890000000000017	2.0444000000000018	2.0980000000000016	1.8420000000000019	1.895400000000002	1.9506000000000017	1.7542000000000015	1.5962000000000014	1.6596000000000015	
236.0	1.903800000000002	1.962200000000002	2.024000000000002	1.7764000000000015	1.8508000000000016	1.8874000000000015	1.7210000000000014	1.5812000000000015	1.6212000000000013	
237.0	1.9428000000000019	2.009400000000002	2.051800000000002	1.7558000000000016	1.8188000000000015	1.8822000000000016	1.6808000000000016	1.5252000000000017	1.6064000000000014	
238.0	1.9534000000000018	2.031200000000002	2.0780000000000016	1.8232000000000017	1.8892000000000015	1.933800000000002	1.7450000000000019	1.6000000000000016	1.6764000000000014	
239.0	1.939400000000002	2.0098000000000016	2.045400000000002	1.7784000000000018	1.8396000000000017	1.9014000000000018	1.6988000000000016	1.5620000000000014	1.6198000000000015	
240.0	1.9566000000000017	2.011400000000002	2.060800000000002	1.7660000000000016	1.8390000000000017	1.8926000000000018	1.6956000000000016	1.5530000000000013	1.6134000000000015	
241.0	1.9082000000000017	1.9630000000000019	2.0008000000000017	1.7434000000000016	1.7972000000000017	1.8450000000000017	1.6506000000000016	1.5432000000000015	1.5980000000000014	
242.0	1.8926000000000018	1.9616000000000018	2.0122000000000018	1.7124000000000015	1.7772000000000017	1.8262000000000016	1.6588000000000016	1.5418000000000016	1.5844000000000014	
243.0	1.9322000000000017	2.006200000000002	2.054400000000002	1.7766000000000017	1.8470000000000018	1.8890000000000018	1.7250000000000016	1.6030000000000013	1.6582000000000017	
244.0	1.9500000000000017	2.0000000000000018	2.043200000000002	1.7684000000000017	1.8244000000000016	1.8746000000000018	1.7232000000000016	1.6144000000000014	1.6668000000000016	
245.0	1.9668000000000019	2.031200000000002	2.088200000000002	1.7988000000000015	1.8750000000000018	1.9288000000000018	1.7422000000000017	1.6146000000000016	1.6728000000000016	
246.0	1.892000000000002	1.972400000000002	2.008800000000002	1.7514000000000014	1.8256000000000017	1.8658000000000017	1.7030000000000018	1.5926000000000016	1.6420000000000015	
247.0	1.8886000000000018	1.980200000000002	2.036000000000002	1.7818000000000016	1.8388000000000015	1.8846000000000018	1.6938000000000015	1.5608000000000015	1.6220000000000014	
248.0	1.8684000000000016	1.9310000000000018	1.9842000000000017	1.7060000000000015	1.7662000000000015	1.8246000000000018	1.6254000000000015	1.5092000000000017	1.5584000000000016	
249.0	1.882000000000002	1.9596000000000018	2.029400000000002	1.7852000000000017	1.8500000000000019	1.8832000000000015	1.6924000000000015	1.5588000000000015	1.6100000000000014	
250.0	1.8886000000000018	1.948400000000002	2.0128000000000017	1.7382000000000017	1.7938000000000016	1.8482000000000016	1.6552000000000016	1.5390000000000013	1.5898000000000017	
251.0	1.9300000000000017	2.0082000000000018	2.046000000000002	1.8062000000000016	1.8528000000000018	1.8924000000000019	1.7324000000000017	1.6042000000000014	1.6602000000000017	
252.0	1.9032000000000016	1.9572000000000016	2.004000000000002	1.7420000000000015	1.7936000000000016	1.8472000000000017	1.6816000000000018	1.5364000000000015	1.5854000000000015	
253.0	1.910000000000002	1.9728000000000017	2.0124000000000017	1.7598000000000016	1.8176000000000017	1.8730000000000016	1.7060000000000015	1.5872000000000017	1.6232000000000015	
254.0	1.9268000000000018	1.9758000000000018	2.027200000000002	1.7594000000000019	1.816400000000002	1.8702000000000016	1.6988000000000016	1.5726000000000016	1.6134000000000015	
255.0	1.9680000000000017	2.0408000000000017	2.084800000000002	1.8442000000000016	1.9066000000000016	1.9520000000000015	1.7560000000000018	1.6036000000000012	1.6504000000000014	
256.0	1.964800000000002	2.048200000000002	2.0886000000000022	1.7974000000000014	1.8474000000000017	1.9242000000000017	1.7316000000000018	1.5940000000000014	1.6484000000000016	
257.0	1.9312000000000016	2.0016000000000016	2.0594000000000015	1.7928000000000015	1.8550000000000015	1.9092000000000016	1.7352000000000014	1.5528000000000015	1.6180000000000017	
258.0	1.8948000000000018	1.9946000000000017	2.051000000000002	1.7632000000000017	1.8566000000000018	1.918000000000002	1.7364000000000017	1.5772000000000015	1.6458000000000013	
259.0	1.8604000000000018	1.9490000000000018	1.9986000000000017	1.7312000000000016	1.7808000000000015	1.8384000000000016	1.6656000000000015	1.5240000000000014	1.5834000000000015	
260.0	1.8510000000000018	1.9512000000000018	2.022200000000002	1.7392000000000016	1.8142000000000018	1.8906000000000018	1.6736000000000018	1.5386000000000013	1.5990000000000015	
261.0	1.8394000000000017	1.912000000000002	1.9748000000000017	1.6926000000000017	1.7452000000000016	1.8126000000000018	1.6450000000000016	1.5062000000000013	1.5562000000000016	
262.0	1.8322000000000016	1.9364000000000017	1.9934000000000018	1.7160000000000015	1.7896000000000016	1.8436000000000017	1.6768000000000016	1.5312000000000017	1.5962000000000016	
263.0	1.8464000000000016	1.9186000000000016	1.9754000000000018	1.6724000000000014	1.7562000000000015	1.8140000000000018	1.6318000000000015	1.5076000000000016	1.5552000000000015	
264.0	1.8142000000000016	1.8952000000000016	1.960400000000002	1.6694000000000018	1.7552000000000016	1.8268000000000018	1.6426000000000018	1.4716000000000016	1.5548000000000013	
265.0	1.946400000000002	2.019200000000002	2.0666000000000015	1.7518000000000016	1.8400000000000019	1.9048000000000018	1.7194000000000016	1.5648000000000015	1.6440000000000017	
266.0	1.8676000000000017	1.9486000000000017	2.0224000000000015	1.7394000000000016	1.8124000000000018	1.8698000000000017	1.6876000000000015	1.5454000000000014	1.6148000000000016	
267.0	1.924200000000002	1.9956000000000018	2.048200000000002	1.7622000000000015	1.845400000000002	1.9008000000000016	1.7252000000000016	1.5624000000000016	1.6274000000000015	
268.0	1.8988000000000016	1.9714000000000016	2.017000000000002	1.7426000000000017	1.8040000000000018	1.8594000000000017	1.6734000000000016	1.5344000000000015	1.5896000000000012	
269.0	1.853200000000002	1.9062000000000017	1.9548000000000019	1.6990000000000016	1.7634000000000014	1.8158000000000016	1.6510000000000014	1.5096000000000012	1.5696000000000014	
270.0	1.8724000000000016	1.948400000000002	2.007000000000002	1.764400000000002	1.8296000000000017	1.894000000000002	1.7054000000000014	1.5514000000000014	1.6196000000000015	
271.0	1.9126000000000016	1.9746000000000017	2.030200000000002	1.789000000000002	1.8446000000000018	1.9166000000000016	1.7158000000000015	1.5828000000000015	1.6448000000000016	
272.0	1.917400000000002	1.999800000000002	2.051800000000002	1.8068000000000015	1.8556000000000017	1.9212000000000018	1.7424000000000017	1.6006000000000016	1.6614000000000015	
273.0	1.9024000000000019	1.964800000000002	2.019200000000002	1.7694000000000014	1.8326000000000018	1.8990000000000018	1.6984000000000017	1.5382000000000016	1.6082000000000016	
274.0	1.8950000000000018	1.961800000000002	2.002400000000002	1.7778000000000016	1.8370000000000015	1.8842000000000017	1.7064000000000017	1.5670000000000013	1.6242000000000016	
275.0	1.881400000000002	1.9482000000000017	1.9956000000000018	1.7496000000000018	1.8134000000000015	1.8546000000000018	1.6952000000000016	1.5620000000000016	1.6148000000000016	
276.0	1.8690000000000018	1.954400000000002	1.9966000000000017	1.7640000000000018	1.8262000000000016	1.8668000000000018	1.7210000000000016	1.5670000000000013	1.6296000000000015	
277.0	1.9008000000000018	1.9812000000000016	2.022200000000002	1.7712000000000017	1.8416000000000017	1.8826000000000018	1.7166000000000017	1.5652000000000017	1.6180000000000014	
278.0	1.9350000000000018	2.0128000000000017	2.0586000000000015	1.7756000000000014	1.8494000000000017	1.8978000000000017	1.7290000000000016	1.5952000000000017	1.6416000000000015	
279.0	1.9272000000000016	2.0162000000000018	2.064600000000002	1.8176000000000017	1.879400000000002	1.9198000000000017	1.7664000000000015	1.6388000000000016	1.6962000000000017	
280.0	1.8858000000000017	1.970400000000002	2.0072000000000014	1.771000000000002	1.8396000000000017	1.8724000000000018	1.7262000000000017	1.5900000000000014	1.6452000000000016	
281.0	1.8982000000000019	1.9650000000000019	2.0046000000000017	1.7362000000000017	1.8218000000000016	1.8608000000000016	1.6846000000000017	1.5552000000000017	1.6074000000000015	
282.0	1.8768000000000018	1.9554000000000016	1.9980000000000016	1.7286000000000015	1.7992000000000017	1.8468000000000016	1.6912000000000016	1.5448000000000015	1.5896000000000015	
283.0	1.9740000000000018	2.0296000000000016	2.075800000000002	1.8032000000000017	1.8490000000000018	1.9038000000000017	1.7422000000000017	1.5960000000000016	1.6510000000000016	
284.0	1.9616000000000018	2.0324000000000018	2.081800000000002	1.8074000000000017	1.8624000000000018	1.9042000000000017	1.7392000000000016	1.6116000000000015	1.6638000000000015	
285.0	1.9514000000000018	2.0102000000000015	2.064000000000002	1.7926000000000017	1.8472000000000017	1.889400000000002	1.7416000000000018	1.5896000000000017	1.6562000000000017	
286.0	2.0084000000000017	2.068000000000002	2.105600000000002	1.835200000000002	1.9008000000000016	1.9460000000000017	1.7450000000000017	1.6216000000000015	1.6680000000000013	
287.0	1.9598000000000018	2.038000000000002	2.080000000000002	1.8118000000000016	1.8716000000000017	1.9166000000000016	1.7646000000000017	1.6160000000000014	1.6652000000000016	
288.0	1.8842000000000019	1.9740000000000018	2.0428000000000015	1.7660000000000016	1.8076000000000014	1.8638000000000017	1.7026000000000014	1.5568000000000015	1.6104000000000016	
289.0	1.9478000000000018	2.0368000000000017	2.0860000000000016	1.8292000000000017	1.8862000000000017	1.9258000000000017	1.7318000000000016	1.6022000000000016	1.6526000000000016	
290.0	1.9350000000000016	2.026000000000002	2.080200000000002	1.8246000000000018	1.8912000000000015	1.9306000000000016	1.7884000000000015	1.6480000000000015	1.6900000000000015	
291.0	1.877800000000002	1.966200000000002	2.0090000000000017	1.778400000000002	1.8212000000000017	1.863200000000002	1.6848000000000016	1.5766000000000016	1.6114000000000015	
292.0	1.9224000000000014	2.0054000000000016	2.0570000000000017	1.8002000000000016	1.8544000000000014	1.8940000000000017	1.7494000000000014	1.6250000000000016	1.6678000000000015	
293.0	1.9542000000000017	2.014800000000002	2.052000000000002	1.8098000000000019	1.8642000000000016	1.9042000000000017	1.7312000000000016	1.6154000000000015	1.6652000000000016	
294.0	1.9370000000000018	2.007200000000002	2.0552000000000015	1.8284000000000016	1.8890000000000018	1.9318000000000017	1.7526000000000017	1.6234000000000015	1.6868000000000016	
295.0	1.9230000000000018	1.999800000000002	2.0414000000000017	1.8110000000000017	1.8586000000000018	1.9076000000000017	1.7238000000000016	1.6048000000000016	1.6610000000000016	
296.0	1.9550000000000018	2.033400000000002	2.0752000000000015	1.8232000000000017	1.881800000000002	1.9332000000000016	1.7814000000000019	1.6324000000000014	1.7000000000000015	
297.0	2.0048000000000017	2.070800000000002	2.114600000000002	1.8772000000000015	1.9406000000000017	1.9832000000000016	1.825400000000002	1.6814000000000016	1.7392000000000016	
298.0	1.9480000000000017	2.029800000000002	2.0690000000000017	1.8386000000000018	1.8826000000000018	1.9290000000000018	1.7664000000000017	1.6194000000000015	1.6774000000000018	
299.0	1.9244000000000019	1.986200000000002	2.0252000000000017	1.7970000000000015	1.8536000000000017	1.9102000000000017	1.7580000000000016	1.6156000000000015	1.6730000000000016	
300.0	1.9736000000000018	2.052000000000002	2.080800000000002	1.8508000000000016	1.9038000000000015	1.9456000000000018	1.8048000000000015	1.6854000000000016	1.7332000000000016	
301.0	1.9408000000000019	1.9988000000000015	2.0426000000000015	1.8136000000000017	1.8640000000000019	1.9046000000000018	1.7620000000000018	1.6504000000000014	1.7024000000000017	
302.0	1.960200000000002	2.0258000000000016	2.087000000000002	1.8380000000000019	1.8846000000000018	1.9256000000000018	1.7620000000000016	1.6350000000000016	1.6916000000000018	
303.0	1.970800000000002	2.041400000000002	2.0772000000000017	1.8530000000000018	1.9072000000000018	1.9380000000000017	1.8022000000000016	1.6768000000000016	1.7272000000000016	
304.0	2.0352000000000015	2.0860000000000016	2.118200000000002	1.8656000000000017	1.9148000000000016	1.9584000000000017	1.7892000000000017	1.6436000000000015	1.7020000000000015	
305.0	1.9858000000000018	2.0498000000000016	2.0846000000000022	1.8366000000000018	1.8892000000000015	1.9406000000000017	1.7800000000000016	1.6696000000000015	1.7214000000000016	
306.0	1.954400000000002	2.018000000000002	2.0660000000000016	1.8328000000000015	1.8790000000000018	1.9248000000000016	1.7664000000000017	1.6660000000000017	1.7072000000000016	
307.0	1.9696000000000018	2.038600000000002	2.0850000000000017	1.8444000000000016	1.8856000000000017	1.9244000000000017	1.7704000000000015	1.6536000000000015	1.7146000000000017	
308.0	2.010400000000002	2.064200000000002	2.1020000000000016	1.8792000000000015	1.9266000000000016	1.9676000000000018	1.8082000000000016	1.7028000000000016	1.7580000000000016	
309.0	1.9508000000000019	2.010600000000002	2.041400000000002	1.7908000000000015	1.8312000000000017	1.8788000000000018	1.7160000000000015	1.5806000000000016	1.6392000000000013	
310.0	1.9286000000000016	2.007000000000002	2.043800000000002	1.8120000000000016	1.8622000000000016	1.8978000000000015	1.7482000000000015	1.6160000000000014	1.6790000000000016	
311.0	1.965800000000002	2.0212000000000017	2.0638000000000014	1.8414000000000015	1.8852000000000015	1.9248000000000016	1.7612000000000017	1.6482000000000014	1.6992000000000016	
312.0	2.006800000000002	2.066800000000002	2.100000000000002	1.8696000000000017	1.923400000000002	1.9586000000000017	1.8090000000000017	1.7044000000000015	1.7438000000000016	
313.0	1.9594000000000018	2.0062000000000015	2.028200000000002	1.8262000000000016	1.8770000000000018	1.9132000000000016	1.7640000000000018	1.6584000000000014	1.7048000000000016	
314.0	2.0068000000000015	2.0650000000000017	2.0972000000000017	1.8306000000000018	1.8996000000000017	1.9488000000000019	1.7760000000000016	1.6552000000000013	1.6986000000000014	
315.0	2.076400000000002	2.137000000000002	2.175800000000002	1.9492000000000016	1.9866000000000017	2.0172000000000017	1.8616000000000017	1.7414000000000016	1.7850000000000017	
316.0	1.9842000000000017	2.0408000000000017	2.0692000000000017	1.847200000000002	1.8850000000000016	1.9258000000000015	1.7866000000000017	1.6630000000000014	1.7146000000000015	
317.0	1.9790000000000019	2.0364000000000018	2.074800000000002	1.8428000000000015	1.895400000000002	1.9266000000000016	1.7644000000000017	1.6680000000000015	1.7128000000000017	
318.0	1.938800000000002	1.994200000000002	2.031600000000002	1.7946000000000017	1.8486000000000018	1.8886000000000018	1.7156000000000018	1.6098000000000015	1.6550000000000016	
319.0	1.9576000000000018	2.0136000000000016	2.042800000000002	1.8086000000000018	1.8520000000000019	1.895400000000002	1.7278000000000018	1.6002000000000014	1.6596000000000017	
320.0	1.9328000000000018	1.9776000000000018	2.015400000000002	1.7944000000000018	1.8362000000000016	1.8738000000000015	1.7156000000000018	1.6130000000000013	1.6502000000000017	
321.0	1.9406000000000017	1.9868000000000017	2.025400000000002	1.805800000000002	1.8504000000000018	1.888000000000002	1.7308000000000014	1.6216000000000015	1.6656000000000015	
322.0	2.0048000000000017	2.0610000000000017	2.085800000000002	1.8430000000000015	1.8920000000000017	1.9302000000000017	1.7824000000000015	1.6742000000000017	1.7244000000000015	
323.0	1.914800000000002	1.9552000000000018	1.9972000000000019	1.7812000000000017	1.8214000000000017	1.8588000000000016	1.7052000000000016	1.5966000000000016	1.6378000000000015	
324.0	1.9072000000000016	1.9310000000000018	1.9768000000000021	1.7844000000000015	1.8248000000000015	1.8548000000000016	1.7054000000000014	1.5966000000000016	1.6420000000000017	
325.0	2.025000000000002	2.075400000000002	2.116000000000002	1.880000000000002	1.9198000000000015	1.958800000000002	1.8196000000000014	1.7014000000000014	1.7504000000000017	
326.0	2.055000000000002	2.0974000000000013	2.1340000000000017	1.9150000000000016	1.953800000000002	1.9890000000000019	1.8404000000000018	1.7084000000000017	1.7642000000000015	
327.0	1.972400000000002	2.0246000000000017	2.060200000000002	1.8234000000000017	1.8784000000000016	1.9168000000000018	1.7644000000000017	1.6446000000000018	1.7042000000000017	
328.0	1.9368000000000019	1.987600000000002	2.026800000000002	1.7978000000000018	1.8388000000000018	1.8762000000000016	1.7126000000000017	1.6128000000000016	1.6720000000000013	
329.0	1.980200000000002	2.039000000000002	2.075800000000002	1.8436000000000017	1.8912000000000015	1.9298000000000017	1.7834000000000017	1.6546000000000016	1.7104000000000015	
330.0	2.0086000000000017	2.0592000000000015	2.1072000000000015	1.8946000000000018	1.9406000000000017	1.9848000000000017	1.8186000000000018	1.6898000000000015	1.7424000000000017	
331.0	2.003600000000002	2.078600000000002	2.1140000000000017	1.8894000000000017	1.9366000000000017	1.9714000000000018	1.8186000000000018	1.6922000000000017	1.7332000000000016	
332.0	1.942400000000002	2.0050000000000017	2.039200000000002	1.8226000000000018	1.8554000000000017	1.898000000000002	1.7458000000000016	1.6298000000000015	1.6786000000000016	
333.0	1.9892000000000016	2.034000000000002	2.073200000000002	1.8602000000000019	1.8918000000000015	1.9338000000000015	1.7816000000000016	1.6698000000000015	1.7278000000000018	
334.0	2.0540000000000016	2.1052000000000017	2.1420000000000017	1.9088000000000016	1.9580000000000015	1.994200000000002	1.8358000000000017	1.7144000000000015	1.7666000000000017	
335.0	2.026000000000002	2.0834000000000024	2.111400000000002	1.8890000000000018	1.9316000000000018	1.9698000000000018	1.8252000000000017	1.7080000000000017	1.7488000000000015	
336.0	1.956600000000002	2.0062000000000015	2.0502000000000016	1.7774000000000016	1.8320000000000016	1.8872000000000015	1.7102000000000017	1.5932000000000017	1.6480000000000017	
337.0	1.9306000000000016	1.982400000000002	2.0218000000000016	1.7776000000000016	1.8210000000000015	1.8558000000000017	1.6974000000000014	1.5848000000000015	1.6320000000000014	
338.0	1.9450000000000018	2.0092000000000017	2.042600000000002	1.8070000000000017	1.8630000000000018	1.8968000000000016	1.757000000000002	1.6424000000000014	1.6922000000000017	
339.0	2.010600000000002	2.0576000000000016	2.1130000000000018	1.8704000000000016	1.9112000000000016	1.9524000000000015	1.7908000000000015	1.6686000000000014	1.7208000000000014	
340.0	1.9516000000000018	1.9934000000000016	2.036200000000002	1.8142000000000016	1.8586000000000018	1.9052000000000016	1.7614000000000016	1.6204000000000014	1.6848000000000016	
341.0	1.9682000000000017	2.045000000000002	2.080800000000002	1.8458000000000014	1.8918000000000017	1.9206000000000016	1.7688000000000017	1.6494000000000015	1.7188000000000014	
342.0	2.035400000000002	2.0806000000000022	2.1276000000000024	1.8984000000000016	1.9510000000000018	1.9866000000000017	1.8214000000000017	1.6954000000000014	1.7472000000000016	
343.0	2.0058000000000016	2.0440000000000023	2.068000000000002	1.8568000000000016	1.9090000000000018	1.937400000000002	1.800400000000002	1.6836000000000018	1.7406000000000017	
344.0	1.9248000000000016	1.9668000000000019	2.0122000000000018	1.7884000000000018	1.8480000000000019	1.8870000000000018	1.7350000000000019	1.6102000000000016	1.6706000000000016	
345.0	2.007000000000002	2.0572000000000017	2.1156000000000024	1.8880000000000017	1.9312000000000016	1.972400000000002	1.8182000000000016	1.6964000000000015	1.7484000000000017	
346.0	1.964600000000002	2.015400000000002	2.060000000000002	1.8138000000000016	1.8704000000000016	1.9008000000000018	1.7546000000000017	1.6352000000000015	1.6868000000000016	
347.0	1.8912000000000015	1.9426000000000017	1.9750000000000019	1.7386000000000017	1.7884000000000018	1.8292000000000017	1.6776000000000018	1.5744000000000014	1.6226000000000018	
348.0	1.9810000000000016	2.0370000000000017	2.0980000000000016	1.8702000000000016	1.9206000000000016	1.9646000000000017	1.8154000000000015	1.6860000000000015	1.7332000000000016	
349.0	2.008600000000002	2.064000000000002	2.1176000000000017	1.8752000000000015	1.9320000000000017	1.972400000000002	1.8168000000000015	1.6934000000000013	1.7462000000000015	
350.0	1.9130000000000018	1.981800000000002	2.031600000000002	1.7952000000000017	1.8546000000000018	1.8922000000000019	1.7286000000000015	1.5972000000000017	1.6480000000000017	
351.0	1.9088000000000016	1.9818000000000018	2.0204000000000018	1.7942000000000016	1.8382000000000018	1.8748000000000018	1.7236000000000018	1.5890000000000013	1.6408000000000016	
352.0	1.9588000000000019	2.0244000000000018	2.079600000000002	1.8486000000000018	1.8908000000000016	1.945400000000002	1.7782000000000016	1.6510000000000016	1.7062000000000017	
353.0	1.9616000000000018	2.026800000000002	2.0722000000000023	1.8270000000000017	1.8902000000000019	1.9412000000000016	1.7560000000000016	1.6188000000000016	1.6756000000000018	
354.0	1.9366000000000017	1.9972000000000019	2.049000000000002	1.8150000000000017	1.8636000000000015	1.8958000000000017	1.7170000000000016	1.5994000000000015	1.6544000000000014	
355.0	1.940800000000002	1.9914000000000018	2.025200000000002	1.7776000000000016	1.8256000000000017	1.8796000000000017	1.6896000000000018	1.5516000000000014	1.6052000000000015	
356.0	1.9850000000000019	2.042200000000002	2.0974000000000017	1.8428000000000015	1.8988000000000016	1.9352000000000016	1.7592000000000017	1.6160000000000014	1.6886000000000017	
357.0	1.9746000000000015	2.035000000000002	2.067800000000002	1.8124000000000018	1.8666000000000018	1.9098000000000015	1.7442000000000015	1.5832000000000017	1.6472000000000013	
358.0	2.0258000000000016	2.101600000000002	2.1414000000000017	1.8774000000000017	1.9338000000000017	1.9734000000000016	1.7898000000000018	1.6760000000000015	1.7238000000000016	
359.0	1.9872000000000019	2.053600000000002	2.0992000000000015	1.8426000000000018	1.8850000000000018	1.9420000000000017	1.7704000000000018	1.6244000000000014	1.6962000000000017	
360.0	1.9216000000000018	1.9778000000000018	2.044200000000002	1.7940000000000016	1.8476000000000017	1.8794000000000017	1.7268000000000017	1.6012000000000017	1.6532000000000016	
361.0	1.921800000000002	1.9906000000000017	2.0446000000000017	1.7878000000000016	1.8510000000000018	1.8972000000000016	1.7336000000000018	1.5968000000000016	1.6496000000000015	
362.0	1.9554000000000018	2.010200000000002	2.060800000000002	1.8096000000000017	1.8610000000000018	1.892000000000002	1.7408000000000015	1.5834000000000015	1.6436000000000015	
363.0	1.9206000000000016	1.9802000000000017	2.031400000000002	1.7760000000000018	1.8318000000000016	1.8756000000000017	1.7196000000000016	1.5668000000000015	1.6156000000000017	
364.0	1.9662000000000017	2.0296000000000016	2.051600000000002	1.8434000000000017	1.8966000000000016	1.933400000000002	1.773000000000002	1.6320000000000014	1.6932000000000016	
365.0	1.9328000000000018	1.9966000000000017	2.0366000000000017	1.8200000000000016	1.8688000000000016	1.9124000000000017	1.7408000000000015	1.6088000000000016	1.6554000000000015	
366.0	1.972200000000002	2.0232000000000014	2.079000000000002	1.8154000000000017	1.8762000000000016	1.9218000000000017	1.7518000000000016	1.6090000000000018	1.6568000000000016	
367.0	1.981200000000002	2.0502000000000016	2.094200000000002	1.8400000000000019	1.8958000000000015	1.9408000000000016	1.7602000000000015	1.6070000000000013	1.6708000000000016	
368.0	2.0084000000000017	2.074400000000002	2.1254000000000017	1.8906000000000018	1.941400000000002	1.9860000000000018	1.8108000000000015	1.6576000000000013	1.7258000000000016	
369.0	1.9780000000000018	2.042000000000002	2.083800000000002	1.8416000000000017	1.8916000000000017	1.9296000000000018	1.7782000000000016	1.6420000000000017	1.6938000000000015	
370.0	1.8830000000000018	1.9538000000000015	1.9868000000000017	1.7572000000000016	1.8088000000000017	1.8426000000000018	1.6820000000000015	1.5406000000000015	1.5946000000000016	
371.0	1.9960000000000018	2.073800000000002	2.1170000000000018	1.8982000000000017	1.9454000000000016	1.9910000000000019	1.8252000000000017	1.6798000000000015	1.7416000000000018	
372.0	1.9326000000000016	1.9934000000000018	2.043600000000002	1.8160000000000018	1.8622000000000016	1.914000000000002	1.7542000000000015	1.6162000000000014	1.6698000000000015	
373.0	1.9962000000000015	2.062800000000002	2.1132000000000017	1.8730000000000018	1.9194000000000018	1.9734000000000018	1.7960000000000016	1.6266000000000016	1.6920000000000015	
374.0	2.007000000000002	2.076200000000002	2.1346000000000016	1.8888000000000016	1.9436000000000018	1.9816000000000018	1.8062000000000016	1.6596000000000015	1.7162000000000017	
375.0	1.9470000000000018	2.0046000000000017	2.050400000000002	1.815200000000002	1.8572000000000017	1.904000000000002	1.7494000000000014	1.6248000000000016	1.6766000000000016	
376.0	1.8952000000000018	1.9578000000000018	2.0122000000000018	1.7764000000000018	1.8226000000000018	1.8620000000000017	1.6910000000000014	1.5656000000000012	1.6212000000000015	
377.0	1.9260000000000017	1.9822000000000017	2.047200000000002	1.8070000000000017	1.8678000000000017	1.896000000000002	1.7326000000000017	1.5994000000000015	1.6548000000000016	
378.0	1.978200000000002	2.0262000000000016	2.064400000000002	1.8502000000000016	1.9044000000000016	1.938800000000002	1.7828000000000015	1.6376000000000017	1.6900000000000015	
379.0	1.940400000000002	2.0022000000000015	2.047400000000002	1.8068000000000015	1.8548000000000016	1.8962000000000017	1.7328000000000015	1.5872000000000017	1.6390000000000016	
380.0	2.019200000000002	2.070200000000002	2.1130000000000018	1.8746000000000018	1.9280000000000017	1.9622000000000017	1.7920000000000018	1.6412000000000015	1.6964000000000015	
381.0	1.9340000000000017	1.9872000000000016	2.024200000000002	1.7830000000000017	1.8386000000000018	1.881400000000002	1.7268000000000014	1.5844000000000014	1.6264000000000014	
382.0	2.007200000000002	2.055400000000002	2.089600000000002	1.8942000000000017	1.9312000000000016	1.9786000000000017	1.8280000000000018	1.6830000000000018	1.7332000000000016	
383.0	1.9316000000000018	1.9736000000000018	2.012000000000002	1.7902000000000016	1.8176000000000017	1.8684000000000016	1.7292000000000016	1.6260000000000014	1.6634000000000015	
384.0	1.9678000000000018	2.0130000000000017	2.055600000000002	1.8118000000000016	1.8472000000000017	1.8976000000000017	1.7364000000000017	1.5798000000000016	1.6440000000000017	
385.0	1.9582000000000017	2.0086000000000017	2.046400000000002	1.8474000000000017	1.8912000000000015	1.9262000000000017	1.7792000000000017	1.6550000000000014	1.7122000000000017	
386.0	1.9626000000000017	2.018200000000002	2.057800000000002	1.8252000000000017	1.8752000000000015	1.9244000000000019	1.7708000000000015	1.6368000000000016	1.6978000000000015	
387.0	1.9740000000000018	2.023400000000002	2.0668000000000015	1.8300000000000018	1.8844000000000016	1.9406000000000017	1.7772000000000017	1.6278000000000015	1.6982000000000017	
388.0	1.962200000000002	2.018400000000002	2.0576000000000016	1.8424000000000016	1.8848000000000018	1.934800000000002	1.7598000000000016	1.6146000000000016	1.6760000000000015	
389.0	2.026000000000002	2.088800000000002	2.1222000000000016	1.8966000000000016	1.9364000000000015	1.9654000000000018	1.8008000000000015	1.6806000000000016	1.7262000000000017	
390.0	1.9974000000000016	2.043200000000002	2.082600000000002	1.8450000000000017	1.8918000000000017	1.9248000000000018	1.7698000000000016	1.6354000000000015	1.6856000000000018	
391.0	2.0006000000000017	2.0490000000000017	2.0810000000000017	1.8606000000000018	1.9000000000000017	1.9448000000000019	1.7876000000000016	1.6476000000000017	1.7174000000000014	
392.0	2.019800000000002	2.077600000000002	2.1032000000000015	1.855400000000002	1.9132000000000018	1.953600000000002	1.7686000000000017	1.6542000000000017	1.7080000000000015	
393.0	1.9636000000000018	2.0164000000000017	2.0606000000000018	1.8280000000000018	1.8806000000000018	1.9322000000000017	1.765000000000002	1.6582000000000017	1.6962000000000017	
394.0	1.9984000000000015	2.0580000000000016	2.087000000000002	1.8514000000000017	1.9028000000000016	1.9570000000000018	1.7746000000000017	1.6734000000000018	1.7082000000000017	
395.0	2.0740000000000016	2.116000000000002	2.1396000000000024	1.9332000000000018	1.9680000000000017	2.0126000000000017	1.8662000000000016	1.7230000000000019	1.7832000000000017	
396.0	1.990600000000002	2.039000000000002	2.071600000000002	1.8726000000000018	1.9058000000000017	1.9370000000000018	1.7902000000000016	1.6620000000000017	1.7058000000000015	
397.0	1.913400000000002	1.970200000000002	2.017000000000002	1.7814000000000016	1.8232000000000017	1.8768000000000018	1.7356000000000018	1.6030000000000015	1.6594000000000018	
398.0	1.962800000000002	2.023800000000002	2.055000000000002	1.8364000000000018	1.8814000000000017	1.9170000000000016	1.7674000000000016	1.6482000000000017	1.6882000000000015	
399.0	1.9924000000000015	2.0412000000000017	2.075800000000002	1.8360000000000016	1.8916000000000017	1.9446000000000017	1.7832000000000017	1.6696000000000017	1.7224000000000015	
400.0	1.9894000000000018	2.0446000000000017	2.076800000000002	1.8284000000000018	1.8766000000000018	1.914000000000002	1.7738000000000016	1.6370000000000013	1.6778000000000015	
