1.0	0.20820000000000102	0.21700000000000103	0.22500000000000103	0.17600000000000102	0.182400000000001	0.189800000000001	0.167600000000001	0.15360000000000099	0.158400000000001	
2.0	0.34240000000000104	0.35200000000000103	0.37360000000000104	0.29040000000000105	0.30080000000000107	0.31600000000000106	0.2684000000000011	0.23620000000000102	0.242600000000001	
3.0	0.4684000000000011	0.48580000000000106	0.5122000000000012	0.4004000000000011	0.4218000000000011	0.4322000000000011	0.36760000000000104	0.3192000000000011	0.33920000000000106	
4.0	0.5298000000000012	0.5646000000000012	0.5874000000000013	0.45640000000000114	0.4748000000000011	0.5006000000000012	0.41220000000000107	0.356600000000001	0.3836000000000011	
5.0	0.536800000000001	0.5774000000000011	0.6124000000000012	0.44540000000000113	0.46700000000000114	0.5022000000000011	0.4006000000000011	0.36000000000000115	0.3756000000000011	
6.0	0.5726000000000011	0.5940000000000011	0.6372000000000012	0.4434000000000011	0.4630000000000011	0.478600000000001	0.3936000000000011	0.34220000000000106	0.3578000000000011	
7.0	0.5498000000000012	0.5850000000000012	0.6260000000000011	0.4468000000000011	0.46780000000000116	0.48980000000000107	0.40420000000000106	0.35120000000000107	0.3754000000000011	
8.0	0.5490000000000012	0.5834000000000013	0.6106000000000013	0.4204000000000011	0.43900000000000106	0.45840000000000114	0.3762000000000011	0.32400000000000106	0.3514000000000011	
9.0	0.5172000000000012	0.5446000000000012	0.566200000000001	0.39240000000000114	0.40120000000000106	0.42720000000000113	0.3488000000000011	0.2962000000000011	0.32040000000000113	
10.0	0.4778000000000011	0.5128000000000011	0.5552000000000011	0.3662000000000011	0.38920000000000105	0.4212000000000011	0.3424000000000011	0.2984000000000011	0.31760000000000105	
11.0	0.4646000000000011	0.48780000000000107	0.5190000000000011	0.3438000000000011	0.3582000000000011	0.37360000000000104	0.3108000000000011	0.2798000000000011	0.2950000000000011	
12.0	0.4916000000000011	0.5222000000000012	0.5460000000000012	0.3498000000000011	0.3680000000000011	0.40220000000000106	0.3182000000000011	0.27660000000000107	0.292600000000001	
13.0	0.48000000000000115	0.5120000000000011	0.5384000000000011	0.35700000000000104	0.38060000000000105	0.401000000000001	0.330000000000001	0.29400000000000104	0.30800000000000105	
14.0	0.4506000000000011	0.48680000000000107	0.5102000000000011	0.36540000000000106	0.38100000000000106	0.40120000000000106	0.328000000000001	0.29900000000000104	0.30860000000000104	
15.0	0.40040000000000103	0.42880000000000107	0.4558000000000011	0.342000000000001	0.35800000000000104	0.376400000000001	0.323000000000001	0.291600000000001	0.307800000000001	
16.0	0.38160000000000105	0.404400000000001	0.4208000000000011	0.317000000000001	0.333800000000001	0.350800000000001	0.298800000000001	0.262400000000001	0.27080000000000104	
17.0	0.318800000000001	0.33820000000000106	0.35800000000000104	0.268200000000001	0.279600000000001	0.291200000000001	0.251400000000001	0.223800000000001	0.23180000000000103	
18.0	0.19960000000000105	0.20920000000000105	0.21820000000000103	0.17820000000000102	0.18460000000000099	0.19360000000000102	0.170000000000001	0.15380000000000102	0.158800000000001	
19.0	0.102600000000001	0.10360000000000098	0.104800000000001	0.10320000000000101	0.104200000000001	0.10620000000000102	0.104400000000001	0.102800000000001	0.10460000000000101	
20.0	0.205400000000001	0.22200000000000103	0.22980000000000103	0.18100000000000102	0.191600000000001	0.205400000000001	0.17700000000000102	0.162000000000001	0.16880000000000103	
21.0	0.334800000000001	0.35500000000000104	0.37460000000000104	0.28920000000000107	0.30500000000000105	0.3212000000000011	0.269000000000001	0.245200000000001	0.25620000000000104	
22.0	0.4104000000000011	0.4388000000000011	0.46960000000000107	0.35040000000000104	0.36760000000000104	0.3854000000000011	0.34160000000000107	0.295400000000001	0.315000000000001	
23.0	0.49040000000000106	0.5330000000000011	0.559400000000001	0.4282000000000011	0.443000000000001	0.4728000000000011	0.39840000000000103	0.346600000000001	0.36360000000000103	
24.0	0.5320000000000011	0.5630000000000012	0.591600000000001	0.44160000000000105	0.46640000000000104	0.49000000000000116	0.40240000000000103	0.34080000000000105	0.36460000000000103	
25.0	0.509600000000001	0.5432000000000012	0.5784000000000011	0.4150000000000011	0.437000000000001	0.4706000000000011	0.3960000000000011	0.342200000000001	0.35960000000000103	
26.0	0.49300000000000105	0.5142000000000011	0.539400000000001	0.36540000000000106	0.386000000000001	0.413400000000001	0.340400000000001	0.305400000000001	0.32420000000000104	
27.0	0.41780000000000106	0.45740000000000114	0.473400000000001	0.354600000000001	0.37360000000000104	0.3954000000000011	0.34480000000000105	0.3142000000000011	0.32980000000000104	
28.0	0.3870000000000011	0.4104000000000011	0.4444000000000011	0.326000000000001	0.34240000000000104	0.35400000000000104	0.31400000000000106	0.28840000000000104	0.300800000000001	
29.0	0.3966000000000011	0.4194000000000011	0.44720000000000104	0.36000000000000104	0.3788000000000011	0.39480000000000104	0.3496000000000011	0.3258000000000011	0.339000000000001	
30.0	0.4382000000000011	0.4628000000000011	0.49600000000000116	0.370800000000001	0.400000000000001	0.41720000000000107	0.3622000000000011	0.323400000000001	0.34640000000000104	
31.0	0.5068000000000011	0.5450000000000012	0.5910000000000012	0.436800000000001	0.46820000000000106	0.49740000000000106	0.43800000000000106	0.39320000000000105	0.410600000000001	
32.0	0.6044000000000012	0.645800000000001	0.6886000000000012	0.5216000000000011	0.5552000000000011	0.5910000000000012	0.510400000000001	0.4538000000000011	0.4838000000000011	
33.0	0.6482000000000012	0.6808000000000011	0.7262000000000012	0.5672000000000011	0.598600000000001	0.6302000000000012	0.5490000000000012	0.4724000000000011	0.5058000000000011	
34.0	0.6686000000000011	0.7138000000000012	0.766800000000001	0.5904000000000011	0.6410000000000011	0.6786000000000012	0.5820000000000012	0.4944000000000011	0.5316000000000011	
35.0	0.8030000000000012	0.8320000000000012	0.8904000000000011	0.7114000000000011	0.747600000000001	0.7790000000000011	0.6794000000000012	0.5894000000000013	0.6274000000000012	
36.0	0.8034000000000012	0.8546000000000011	0.9080000000000013	0.719600000000001	0.7728000000000012	0.8194000000000012	0.6904000000000012	0.6030000000000011	0.6374000000000012	
37.0	0.8640000000000011	0.9094000000000012	0.9536000000000012	0.7464000000000012	0.7830000000000013	0.8248000000000012	0.7192000000000012	0.6416000000000012	0.6722000000000011	
38.0	0.8930000000000011	0.9388000000000013	0.9924000000000013	0.7896000000000012	0.8274000000000012	0.8774000000000012	0.7662000000000012	0.6838000000000012	0.7208000000000011	
39.0	0.9956000000000013	1.0472000000000012	1.1062000000000014	0.8652000000000012	0.9290000000000012	0.9784000000000013	0.8212000000000012	0.7090000000000012	0.7632000000000012	
40.0	1.0076000000000014	1.0696000000000012	1.1416000000000013	0.9044000000000013	0.9552000000000014	1.0166000000000013	0.8622000000000012	0.7734000000000012	0.8116000000000013	
41.0	1.0570000000000013	1.1194000000000015	1.1894000000000013	0.9424000000000012	0.9992000000000012	1.0370000000000013	0.8760000000000012	0.7718000000000012	0.8164000000000012	
42.0	1.0262000000000013	1.1002000000000012	1.1814000000000016	0.9450000000000014	1.0056000000000014	1.0382000000000011	0.8372000000000013	0.7106000000000012	0.7656000000000013	
43.0	1.1478000000000013	1.2406000000000013	1.3054000000000014	1.0354000000000014	1.0764000000000014	1.1336000000000015	0.9304000000000012	0.7878000000000012	0.8504000000000013	
44.0	1.0428000000000013	1.1200000000000014	1.1838000000000013	0.9188000000000012	0.9954000000000012	1.0554000000000014	0.8868000000000014	0.7400000000000011	0.8004000000000012	
45.0	1.0572000000000015	1.1536000000000013	1.2122000000000017	0.9700000000000014	1.0252000000000014	1.0874000000000015	0.8866000000000013	0.7680000000000011	0.8254000000000012	
46.0	1.1260000000000014	1.1920000000000013	1.2644000000000015	1.0172000000000012	1.0626000000000013	1.1270000000000013	0.9528000000000013	0.8304000000000012	0.8836000000000013	
47.0	1.0604000000000016	1.1390000000000013	1.2000000000000013	0.9566000000000012	1.0162000000000013	1.0728000000000015	0.9236000000000013	0.7922000000000012	0.8620000000000012	
48.0	1.0682000000000011	1.1304000000000014	1.1844000000000015	0.9660000000000013	1.0116000000000014	1.0552000000000012	0.9214000000000012	0.7922000000000012	0.8512000000000013	
49.0	1.0758000000000016	1.1488000000000014	1.2156000000000013	0.9606000000000012	0.9954000000000012	1.0466000000000013	0.8966000000000013	0.7426000000000013	0.8032000000000012	
50.0	1.0200000000000014	1.0762000000000012	1.1224000000000014	0.8908000000000014	0.9362000000000011	0.9782000000000012	0.8270000000000012	0.7346000000000013	0.7714000000000012	
51.0	1.0532000000000012	1.1078000000000012	1.1722000000000015	0.9454000000000012	0.9902000000000013	1.0424000000000013	0.9018000000000012	0.7754000000000011	0.8290000000000012	
52.0	0.9964000000000012	1.051000000000001	1.1050000000000013	0.8612000000000012	0.9108000000000012	0.9710000000000012	0.8182000000000011	0.7084000000000011	0.7606000000000012	
53.0	1.0050000000000012	1.0762000000000014	1.1516000000000013	0.8822000000000012	0.9530000000000012	1.004200000000001	0.8570000000000011	0.7360000000000011	0.7882000000000012	
54.0	1.0058000000000014	1.0670000000000013	1.1348000000000014	0.8744000000000012	0.9232000000000011	0.9842000000000012	0.8452000000000012	0.7378000000000011	0.781800000000001	
55.0	0.9496000000000012	1.0274000000000012	1.107200000000001	0.8440000000000011	0.9090000000000011	0.9712000000000012	0.8232000000000012	0.7124000000000011	0.7544000000000011	
56.0	0.9648000000000012	1.0294000000000012	1.1048000000000013	0.8268000000000012	0.8950000000000011	0.9668000000000013	0.8240000000000012	0.7400000000000011	0.7806000000000012	
57.0	0.9302000000000014	1.0048000000000012	1.0810000000000013	0.8544000000000013	0.9144000000000012	0.9632000000000012	0.8326000000000011	0.7276000000000011	0.7836000000000012	
58.0	0.9968000000000014	1.0454000000000014	1.1004000000000012	0.8808000000000014	0.9304000000000012	0.9952000000000012	0.8720000000000011	0.7740000000000011	0.8228000000000011	
59.0	1.0538000000000014	1.1134000000000015	1.1928000000000016	0.9672000000000012	1.0298000000000014	1.1012000000000013	0.9590000000000013	0.8400000000000013	0.8980000000000012	
60.0	1.0746000000000013	1.1566000000000012	1.2466000000000015	0.9778000000000013	1.0322000000000013	1.1346000000000012	0.9654000000000013	0.8432000000000012	0.8952000000000012	
61.0	1.1418000000000013	1.2364000000000015	1.3254000000000015	1.0554000000000014	1.1158000000000012	1.1888000000000014	1.0450000000000013	0.9124000000000012	0.9668000000000013	
62.0	1.1992000000000012	1.2710000000000015	1.3526000000000014	1.0762000000000012	1.1376000000000013	1.2220000000000013	1.0556000000000012	0.9256000000000013	1.0090000000000015	
63.0	1.3376000000000015	1.4142000000000012	1.5000000000000016	1.1950000000000014	1.2882000000000013	1.3692000000000013	1.1708000000000014	1.0116000000000012	1.085800000000001	
64.0	1.3108000000000013	1.3856000000000013	1.4874000000000014	1.1720000000000013	1.2480000000000013	1.3248000000000015	1.1398000000000013	0.9796000000000014	1.0540000000000014	
65.0	1.4220000000000013	1.4948000000000015	1.5748000000000015	1.2262000000000015	1.3208000000000015	1.3978000000000015	1.1624000000000014	1.0142000000000013	1.0948000000000013	
66.0	1.3426000000000016	1.4062000000000017	1.4992000000000016	1.2150000000000014	1.2790000000000015	1.3672000000000017	1.1718000000000015	1.0300000000000014	1.1070000000000013	
67.0	1.4192000000000013	1.5106000000000015	1.6144000000000016	1.2674000000000012	1.3506000000000016	1.4240000000000013	1.2344000000000015	1.0760000000000014	1.1518000000000013	
68.0	1.4100000000000015	1.4862000000000015	1.5866000000000016	1.2278000000000016	1.3136000000000012	1.4076000000000013	1.1716000000000013	1.0208000000000013	1.1224000000000014	
69.0	1.3930000000000013	1.4864000000000015	1.5690000000000015	1.2248000000000014	1.3122000000000016	1.3844000000000014	1.1698000000000015	1.0190000000000015	1.0964000000000014	
70.0	1.3332000000000017	1.4168000000000016	1.5212000000000017	1.1540000000000015	1.2214000000000014	1.3044000000000016	1.1154000000000015	0.9906000000000013	1.0426000000000013	
71.0	1.2480000000000013	1.3372000000000015	1.3932000000000015	1.1476000000000013	1.1956000000000013	1.2666000000000013	1.1026000000000014	0.9892000000000012	1.0436000000000012	
72.0	1.2826000000000015	1.4042000000000017	1.4782000000000017	1.1660000000000013	1.2374000000000012	1.2974000000000014	1.1286000000000014	1.0004000000000013	1.0778000000000014	
73.0	1.3244000000000014	1.4254000000000016	1.5292000000000017	1.1954000000000014	1.2672000000000012	1.3602000000000016	1.1650000000000014	1.028800000000001	1.107200000000001	
74.0	1.3088000000000015	1.3876000000000015	1.4890000000000014	1.1780000000000013	1.2644000000000015	1.3402000000000014	1.1586000000000012	1.0332000000000012	1.0972000000000013	
75.0	1.2510000000000014	1.3626000000000014	1.4598000000000015	1.1506000000000012	1.2368000000000012	1.3128000000000015	1.1186000000000014	0.9970000000000011	1.073400000000001	
76.0	1.2608000000000015	1.3412000000000015	1.4348000000000016	1.1630000000000011	1.2326000000000013	1.3038000000000014	1.1446000000000012	1.0010000000000012	1.0732000000000013	
77.0	1.2694000000000012	1.3458000000000012	1.4336000000000013	1.1380000000000015	1.2294000000000012	1.3042000000000011	1.1014000000000013	0.9656000000000012	1.034600000000001	
78.0	1.3422000000000014	1.4364000000000015	1.5198000000000014	1.2136000000000013	1.2946000000000013	1.3856000000000013	1.2042000000000015	1.0364000000000013	1.1114000000000013	
79.0	1.2458000000000014	1.3522000000000014	1.4500000000000013	1.1252000000000013	1.2252000000000012	1.3104000000000011	1.1254000000000015	1.0006000000000013	1.0770000000000013	
80.0	1.3022000000000011	1.3902000000000017	1.4696000000000013	1.1928000000000014	1.2754000000000014	1.3730000000000013	1.1824000000000012	1.0396000000000012	1.111800000000001	
81.0	1.4286000000000014	1.5338000000000016	1.6214000000000017	1.3144000000000013	1.3998000000000015	1.4628000000000017	1.3062000000000014	1.1486000000000012	1.2298000000000016	
82.0	1.3608000000000016	1.4670000000000016	1.5604000000000016	1.2914000000000014	1.3720000000000014	1.4388000000000016	1.2790000000000015	1.1138000000000012	1.1844000000000015	
83.0	1.4238000000000015	1.5350000000000017	1.6364000000000016	1.3614000000000015	1.4386000000000017	1.5040000000000013	1.2960000000000014	1.161800000000001	1.2434000000000014	
84.0	1.4162000000000015	1.5318000000000016	1.6458000000000015	1.3682000000000014	1.4518000000000015	1.5206000000000017	1.3446000000000013	1.1896000000000013	1.2772000000000014	
85.0	1.4594000000000014	1.5456000000000016	1.6582000000000017	1.3348000000000013	1.4386000000000012	1.5136000000000016	1.3516000000000012	1.1900000000000013	1.2752000000000014	
86.0	1.7172000000000016	1.8090000000000017	1.8680000000000019	1.5636000000000017	1.6462000000000017	1.7104000000000017	1.5380000000000016	1.3628000000000016	1.4528000000000016	
87.0	1.6082000000000016	1.6932000000000016	1.8050000000000015	1.4722000000000017	1.5770000000000013	1.6576000000000015	1.4732000000000014	1.3294000000000015	1.4238000000000015	
88.0	1.6138000000000015	1.7438000000000016	1.8226000000000018	1.5430000000000013	1.6402000000000017	1.7164000000000017	1.5262000000000016	1.4106000000000012	1.4854000000000014	
89.0	1.6430000000000018	1.7620000000000018	1.8666000000000018	1.5696000000000017	1.6842000000000017	1.7540000000000018	1.5592000000000017	1.4012000000000013	1.4894000000000014	
90.0	1.6468000000000016	1.767000000000002	1.8618000000000017	1.5738000000000016	1.6506000000000016	1.7316000000000016	1.5406000000000015	1.3940000000000017	1.4846000000000013	
91.0	1.5530000000000015	1.7052000000000016	1.8166000000000018	1.4878000000000016	1.5858000000000017	1.6718000000000015	1.4888000000000012	1.3468000000000016	1.4262000000000012	
92.0	1.5822000000000016	1.6902000000000017	1.8018000000000016	1.4642000000000015	1.5714000000000015	1.6864000000000017	1.4598000000000015	1.3120000000000014	1.3930000000000013	
93.0	1.6370000000000016	1.7538000000000018	1.8438000000000014	1.5594000000000015	1.6606000000000016	1.7314000000000014	1.5646000000000018	1.4294000000000016	1.5054000000000014	
94.0	1.5200000000000014	1.6604000000000014	1.7604000000000017	1.4594000000000014	1.5332000000000015	1.6298000000000015	1.4494000000000014	1.3268000000000013	1.4012000000000013	
95.0	1.5282000000000013	1.6532000000000016	1.7564000000000015	1.4614000000000014	1.5546000000000015	1.6214000000000015	1.4336000000000015	1.3104000000000016	1.3810000000000013	
96.0	1.6042000000000016	1.6938000000000015	1.7802000000000013	1.5048000000000015	1.5928000000000015	1.6652000000000016	1.4900000000000013	1.3552000000000015	1.4326000000000014	
97.0	1.5420000000000014	1.6966000000000014	1.8024000000000016	1.4566000000000014	1.5716000000000014	1.6688000000000016	1.4526000000000012	1.3078000000000014	1.3844000000000014	
98.0	1.6202000000000014	1.7156000000000016	1.8116000000000017	1.4716000000000016	1.5664000000000013	1.6632000000000016	1.4622000000000015	1.3194000000000015	1.4160000000000013	
99.0	1.5854000000000015	1.7420000000000015	1.8360000000000019	1.5162000000000013	1.5896000000000015	1.6838000000000015	1.4938000000000016	1.3418000000000012	1.4348000000000014	
100.0	1.5434000000000017	1.6466000000000014	1.7478000000000016	1.4160000000000013	1.4958000000000014	1.6134000000000015	1.4194000000000015	1.256200000000001	1.3494000000000015	
101.0	1.5924000000000014	1.7198000000000015	1.8372000000000017	1.5160000000000016	1.6060000000000014	1.7270000000000014	1.5238000000000014	1.3706000000000014	1.4552000000000014	
102.0	1.646000000000002	1.777000000000002	1.8770000000000018	1.5584000000000016	1.6494000000000015	1.7526000000000017	1.5650000000000013	1.4236000000000015	1.4878000000000016	
103.0	1.5880000000000016	1.7344000000000017	1.8444000000000016	1.4938000000000016	1.6084000000000014	1.6958000000000015	1.5284000000000018	1.3764000000000014	1.4696000000000013	
104.0	1.6756000000000015	1.8092000000000017	1.9124000000000017	1.6224000000000014	1.7106000000000017	1.8032000000000017	1.6092000000000015	1.4410000000000014	1.5360000000000014	
105.0	1.7268000000000014	1.827200000000002	1.890000000000002	1.6000000000000014	1.6768000000000016	1.7618000000000016	1.5648000000000015	1.4176000000000013	1.4970000000000014	
106.0	1.7562000000000015	1.8620000000000019	1.9184000000000019	1.6322000000000014	1.6940000000000017	1.7634000000000016	1.5908000000000015	1.4606000000000015	1.5248000000000015	
107.0	1.8082000000000016	1.9112000000000016	1.9946000000000017	1.7102000000000017	1.8096000000000017	1.8882000000000017	1.6908000000000016	1.5654000000000015	1.6416000000000015	
108.0	1.8138000000000019	1.914800000000002	2.011000000000002	1.7620000000000018	1.8366000000000018	1.8846000000000018	1.7330000000000019	1.5808000000000013	1.6482000000000017	
109.0	1.7840000000000016	1.8696000000000017	1.9554000000000018	1.6854000000000016	1.770400000000002	1.8248000000000018	1.6686000000000016	1.5456000000000014	1.6038000000000014	
110.0	1.8228000000000018	1.9222000000000017	1.9934000000000014	1.7018000000000015	1.7948000000000015	1.8430000000000017	1.6600000000000017	1.5194000000000014	1.5958000000000014	
111.0	1.8546000000000018	1.9448000000000016	2.0162000000000018	1.7480000000000016	1.7992000000000017	1.859400000000002	1.6886000000000014	1.5576000000000016	1.6100000000000017	
112.0	1.7852000000000017	1.8838000000000015	1.9696000000000018	1.7064000000000017	1.7658000000000018	1.8288000000000015	1.6340000000000017	1.4914000000000014	1.5538000000000016	
113.0	1.9472000000000016	2.053600000000002	2.123800000000002	1.8350000000000017	1.909400000000002	1.9552000000000018	1.7874000000000017	1.6510000000000014	1.7054000000000014	
114.0	1.9424000000000017	2.026000000000002	2.1142000000000016	1.8178000000000019	1.8892000000000015	1.945400000000002	1.777000000000002	1.6384000000000014	1.6964000000000017	
115.0	1.8996000000000017	1.9774000000000018	2.0364000000000018	1.7514000000000016	1.8196000000000017	1.8850000000000018	1.7090000000000016	1.5674000000000015	1.6274000000000015	
116.0	1.8862000000000017	1.9852000000000019	2.0812000000000017	1.7704000000000015	1.8560000000000016	1.8988000000000016	1.7470000000000014	1.6086000000000016	1.6708000000000016	
117.0	1.8792000000000018	1.9884000000000017	2.055800000000002	1.7456000000000016	1.8282000000000016	1.8834000000000017	1.7140000000000015	1.5820000000000014	1.6454000000000015	
118.0	1.8558000000000017	1.9428000000000019	2.031000000000002	1.7344000000000017	1.8148000000000015	1.8672000000000017	1.7042000000000017	1.5920000000000014	1.6406000000000014	
119.0	1.8866000000000018	1.9634000000000016	2.034400000000002	1.7600000000000016	1.8126000000000018	1.8798000000000017	1.7188000000000014	1.5976000000000015	1.6610000000000016	
120.0	1.8616000000000017	1.9210000000000018	1.9852000000000016	1.7186000000000017	1.7740000000000018	1.8368000000000018	1.6872000000000016	1.5692000000000017	1.6256000000000015	
121.0	1.888800000000002	1.9742000000000017	2.0386000000000015	1.7560000000000016	1.8262000000000016	1.8936000000000017	1.7424000000000015	1.6276000000000017	1.6728000000000016	
122.0	1.9074000000000018	1.9720000000000018	2.0284000000000018	1.7546000000000017	1.8184000000000018	1.8692000000000015	1.7244000000000015	1.6058000000000014	1.6566000000000014	
123.0	1.931400000000002	1.9910000000000019	2.0444000000000018	1.7760000000000018	1.8432000000000017	1.8900000000000017	1.7370000000000017	1.5968000000000016	1.6484000000000014	
124.0	1.9088000000000018	1.9810000000000019	2.0416000000000016	1.7454000000000014	1.7926000000000017	1.8516000000000017	1.7052000000000016	1.5776000000000017	1.6284000000000014	
125.0	1.9250000000000018	2.015400000000002	2.0782000000000016	1.8414000000000017	1.8984000000000016	1.934800000000002	1.8010000000000017	1.6900000000000015	1.7368000000000015	
126.0	1.9228000000000018	2.010200000000002	2.074800000000002	1.8100000000000016	1.8618000000000017	1.9106000000000016	1.7578000000000018	1.6370000000000016	1.6950000000000014	
127.0	1.8894000000000015	1.9662000000000017	2.0288000000000017	1.7544000000000015	1.8202000000000016	1.8646000000000018	1.7400000000000015	1.6202000000000016	1.6688000000000016	
128.0	1.8026000000000018	1.8848000000000016	1.9424000000000015	1.6936000000000015	1.7388000000000015	1.7836000000000016	1.6474000000000013	1.5266000000000017	1.5758000000000016	
129.0	1.936400000000002	2.0182000000000015	2.0622000000000016	1.8018000000000016	1.8606000000000018	1.8970000000000018	1.7440000000000013	1.6364000000000014	1.6768000000000016	
130.0	1.8522000000000016	1.9202000000000017	2.0022000000000015	1.7446000000000017	1.8028000000000015	1.8442000000000014	1.6952000000000016	1.5692000000000017	1.6094000000000015	
131.0	1.9402000000000017	2.0152000000000014	2.0684000000000013	1.7834000000000017	1.8512000000000017	1.9004000000000016	1.7566000000000017	1.6098000000000015	1.664000000000002	
132.0	1.907600000000002	1.9778000000000018	2.0252000000000017	1.7700000000000016	1.8202000000000016	1.8642000000000019	1.7144000000000015	1.5790000000000013	1.6360000000000015	
133.0	1.962200000000002	2.021800000000002	2.075200000000002	1.7896000000000016	1.8408000000000015	1.8804000000000016	1.7298000000000016	1.5858000000000017	1.6520000000000015	
134.0	1.9384000000000017	2.0186000000000015	2.082800000000002	1.7572000000000016	1.8372000000000017	1.8750000000000018	1.7068000000000016	1.5718000000000016	1.6270000000000016	
135.0	2.015200000000002	2.081800000000002	2.1472000000000016	1.8412000000000017	1.9128000000000016	1.9606000000000017	1.7814000000000019	1.6390000000000013	1.6968000000000016	
136.0	1.9190000000000018	1.9864000000000017	2.0492000000000017	1.7590000000000017	1.8276000000000017	1.8688000000000018	1.6844000000000015	1.5592000000000015	1.6072000000000015	
137.0	1.994800000000002	2.0556000000000023	2.098800000000002	1.8194000000000017	1.8814000000000017	1.9300000000000017	1.7670000000000017	1.6150000000000015	1.6678000000000015	
138.0	2.003600000000002	2.0836000000000023	2.127800000000002	1.8474000000000017	1.8994000000000018	1.9456000000000018	1.7766000000000017	1.6168000000000016	1.6820000000000015	
139.0	1.9470000000000018	2.0126000000000017	2.0592000000000015	1.7724000000000015	1.8262000000000016	1.8730000000000013	1.6992000000000014	1.5336000000000014	1.5978000000000014	
140.0	1.9290000000000018	1.9892000000000016	2.0404000000000018	1.7636000000000016	1.8226000000000018	1.8712000000000015	1.7276000000000018	1.5784000000000014	1.6352000000000015	
141.0	2.020000000000002	2.0812000000000017	2.1446000000000023	1.8196000000000017	1.8912000000000018	1.926800000000002	1.7548000000000015	1.5892000000000015	1.6586000000000014	
142.0	1.9816000000000018	2.046800000000002	2.099400000000002	1.8454000000000017	1.902000000000002	1.9370000000000018	1.7518000000000016	1.6192000000000013	1.6678000000000015	
143.0	1.9152000000000016	1.980800000000002	2.031600000000002	1.7250000000000016	1.7812000000000017	1.8344000000000016	1.6696000000000015	1.5048000000000015	1.5808000000000015	
144.0	1.8972000000000016	1.9382000000000017	1.9994000000000016	1.7350000000000019	1.7948000000000015	1.8386000000000018	1.6896000000000015	1.5346000000000017	1.5994000000000015	
145.0	1.900800000000002	1.9854000000000016	2.0512000000000015	1.7622000000000015	1.8142000000000016	1.8592000000000017	1.7140000000000015	1.5592000000000015	1.6286000000000016	
146.0	1.974400000000002	2.0348000000000015	2.0792000000000015	1.7972000000000017	1.8502000000000016	1.8966000000000016	1.7486000000000017	1.5912000000000017	1.6652000000000013	
147.0	1.9594000000000016	2.007000000000002	2.0696000000000017	1.8006000000000015	1.8556000000000015	1.9008000000000016	1.7518000000000016	1.6238000000000015	1.6756000000000018	
148.0	1.9070000000000018	1.9580000000000017	2.015600000000002	1.7304000000000015	1.7866000000000017	1.8350000000000017	1.6786000000000014	1.5526000000000015	1.6002000000000016	
149.0	2.026000000000002	2.0896000000000017	2.141400000000002	1.8420000000000016	1.9000000000000017	1.9476000000000018	1.7826000000000017	1.6366000000000016	1.6814000000000016	
150.0	1.9900000000000018	2.0338000000000016	2.0686000000000018	1.7834000000000017	1.8472000000000017	1.8766000000000018	1.7236000000000018	1.5812000000000015	1.6412000000000015	
151.0	1.9858000000000016	2.039000000000002	2.089600000000002	1.8204000000000014	1.8706000000000018	1.921400000000002	1.7620000000000016	1.5990000000000013	1.6540000000000015	
152.0	1.9614000000000018	2.020000000000002	2.0676000000000023	1.7594000000000014	1.8206000000000018	1.8696000000000017	1.7156000000000018	1.5836000000000015	1.6294000000000015	
153.0	1.9830000000000019	2.047400000000002	2.104600000000002	1.8200000000000018	1.8716000000000017	1.9228000000000018	1.7548000000000017	1.6312000000000015	1.6742000000000017	
154.0	1.930400000000002	1.9822000000000017	2.042000000000002	1.7528000000000017	1.8102000000000016	1.8634000000000017	1.6844000000000015	1.5326000000000015	1.6010000000000015	
155.0	1.910200000000002	1.973600000000002	2.0366000000000017	1.7476000000000018	1.8196000000000017	1.8694000000000017	1.7060000000000013	1.5674000000000015	1.6352000000000015	
156.0	1.8852000000000015	1.9516000000000018	2.0044000000000017	1.7130000000000016	1.7752000000000017	1.8300000000000016	1.6738000000000015	1.5176000000000014	1.5822000000000016	
157.0	1.927400000000002	2.005400000000002	2.0542000000000016	1.7582000000000015	1.8264000000000016	1.8716000000000017	1.6918000000000015	1.5448000000000015	1.6064000000000014	
158.0	1.9914000000000016	2.0502000000000016	2.102000000000002	1.8240000000000016	1.8726000000000018	1.9196000000000017	1.7516000000000018	1.6080000000000017	1.6702000000000017	
159.0	1.9374000000000018	2.013600000000002	2.059000000000002	1.7666000000000017	1.8182000000000016	1.8746000000000018	1.7080000000000017	1.5678000000000016	1.6178000000000015	
160.0	1.9364000000000017	1.9982000000000015	2.056400000000002	1.7772000000000017	1.8300000000000018	1.8806000000000018	1.7294000000000014	1.5802000000000016	1.6460000000000015	
161.0	1.941800000000002	2.014600000000002	2.071400000000002	1.7660000000000016	1.8270000000000017	1.884000000000002	1.6988000000000016	1.5564000000000016	1.6110000000000013	
162.0	1.9716000000000018	2.023600000000002	2.073200000000002	1.7494000000000016	1.7990000000000015	1.8538000000000017	1.6896000000000018	1.5390000000000013	1.6014000000000015	
163.0	1.964400000000002	2.053400000000002	2.116400000000002	1.7852000000000017	1.8582000000000016	1.911400000000002	1.7548000000000015	1.6002000000000016	1.6662000000000017	
164.0	1.9552000000000018	2.0234000000000014	2.065800000000002	1.7780000000000016	1.8240000000000016	1.8870000000000018	1.7242000000000017	1.5982000000000016	1.6562000000000017	
165.0	1.9964000000000017	2.066800000000002	2.121200000000002	1.8200000000000016	1.8606000000000018	1.9130000000000018	1.7596000000000016	1.6218000000000012	1.6798000000000015	
166.0	2.065000000000002	2.1226000000000016	2.160200000000002	1.8730000000000018	1.9260000000000017	1.9780000000000015	1.8262000000000016	1.6918000000000015	1.7674000000000016	
167.0	2.036200000000002	2.0936000000000017	2.140400000000002	1.9010000000000018	1.9338000000000017	1.9608000000000019	1.8040000000000016	1.6652000000000016	1.7284000000000017	
168.0	1.968400000000002	2.042400000000002	2.099800000000002	1.8210000000000015	1.8866000000000018	1.9268000000000018	1.7600000000000018	1.6210000000000016	1.6718000000000015	
169.0	1.9632000000000016	2.0490000000000017	2.092600000000002	1.7942000000000016	1.8368000000000015	1.892000000000002	1.7356000000000018	1.5712000000000017	1.6438000000000015	
170.0	1.9238000000000017	2.002600000000002	2.056800000000002	1.7380000000000013	1.7944000000000018	1.8544000000000018	1.6796000000000018	1.5402000000000013	1.5876000000000015	
171.0	1.9386000000000017	2.011000000000002	2.0620000000000016	1.7752000000000017	1.8256000000000017	1.8666000000000018	1.7114000000000014	1.5756000000000014	1.6238000000000015	
172.0	2.0426000000000015	2.118800000000002	2.153600000000002	1.8330000000000017	1.8962000000000017	1.9440000000000015	1.7760000000000018	1.6324000000000014	1.6936000000000015	
173.0	1.9410000000000018	2.001600000000002	2.0478000000000014	1.7474000000000016	1.8260000000000018	1.8662000000000016	1.6966000000000014	1.5410000000000013	1.5782000000000014	
174.0	1.9670000000000019	2.056800000000002	2.1152000000000015	1.8122000000000016	1.8724000000000016	1.9164000000000019	1.753000000000002	1.6058000000000014	1.6692000000000016	
175.0	1.9894000000000018	2.064400000000002	2.109800000000002	1.8276000000000017	1.8892000000000015	1.9418000000000017	1.7624000000000017	1.6252000000000015	1.6866000000000017	
176.0	1.9786000000000017	2.046400000000002	2.103800000000002	1.7882000000000016	1.8342000000000018	1.878000000000002	1.7250000000000016	1.5798000000000016	1.6440000000000017	
177.0	1.978400000000002	2.0444000000000018	2.097800000000002	1.8408000000000015	1.8970000000000016	1.9440000000000017	1.7860000000000018	1.6340000000000015	1.6850000000000016	
178.0	2.000800000000002	2.0660000000000016	2.108200000000002	1.8264000000000014	1.8852000000000015	1.9280000000000015	1.7438000000000016	1.6036000000000015	1.6676000000000017	
179.0	1.9490000000000018	2.014400000000002	2.0606000000000018	1.8016000000000016	1.8358000000000019	1.8848000000000016	1.7116000000000018	1.5846000000000013	1.6394000000000017	
180.0	1.970400000000002	2.039800000000002	2.0934000000000013	1.8126000000000018	1.8606000000000018	1.910200000000002	1.7548000000000015	1.5998000000000014	1.6554000000000015	
181.0	2.0068000000000015	2.093800000000002	2.1372000000000018	1.8550000000000018	1.9048000000000018	1.946400000000002	1.7968000000000017	1.6492000000000013	1.7082000000000017	
182.0	1.995200000000002	2.0694000000000012	2.1210000000000018	1.8302000000000016	1.8806000000000018	1.9272000000000016	1.7792000000000017	1.6532000000000016	1.7074000000000014	
183.0	1.9330000000000018	1.9988000000000017	2.0564000000000022	1.7838000000000016	1.829400000000002	1.8660000000000017	1.7068000000000016	1.5550000000000013	1.6142000000000014	
184.0	2.007800000000002	2.068800000000002	2.116600000000002	1.8516000000000017	1.8978000000000017	1.9324000000000017	1.7886000000000017	1.6548000000000016	1.6966000000000014	
185.0	1.9786000000000017	2.042600000000002	2.094800000000002	1.785000000000002	1.854800000000002	1.8942000000000017	1.7252000000000016	1.5962000000000016	1.6466000000000016	
186.0	1.9504000000000015	2.009400000000002	2.067800000000002	1.7858000000000016	1.8350000000000017	1.8754000000000017	1.7098000000000015	1.5630000000000013	1.6210000000000013	
187.0	1.9980000000000018	2.0526000000000018	2.096000000000002	1.7956000000000016	1.8532000000000017	1.8910000000000018	1.7342000000000017	1.5900000000000016	1.6412000000000015	
188.0	1.9916000000000018	2.0582000000000016	2.1170000000000018	1.8034000000000014	1.8516000000000017	1.892000000000002	1.7284000000000017	1.5900000000000014	1.6420000000000017	
189.0	2.011400000000002	2.078400000000002	2.1380000000000017	1.8198000000000019	1.8850000000000018	1.920000000000002	1.7604000000000015	1.6120000000000017	1.6676000000000017	
190.0	1.9950000000000019	2.075000000000002	2.132400000000002	1.8192000000000017	1.8706000000000018	1.9050000000000016	1.7356000000000018	1.5770000000000013	1.6248000000000016	
191.0	1.9618000000000018	2.021400000000002	2.067600000000002	1.7920000000000016	1.8418000000000014	1.8774000000000017	1.7352000000000016	1.6196000000000015	1.6706000000000014	
192.0	1.9422000000000017	1.9872000000000019	2.018800000000002	1.7548000000000015	1.8088000000000017	1.8528000000000016	1.7058000000000015	1.5724000000000014	1.6248000000000016	
193.0	1.9854000000000016	2.044200000000002	2.092000000000002	1.8032000000000017	1.8462000000000016	1.8872000000000015	1.7420000000000015	1.6060000000000014	1.6526000000000014	
194.0	1.9318000000000015	2.0008000000000017	2.060800000000002	1.7542000000000015	1.8254000000000015	1.8786000000000018	1.7056000000000013	1.5600000000000016	1.6218000000000015	
195.0	1.9570000000000018	2.0096000000000016	2.0716000000000023	1.7754000000000016	1.8386000000000018	1.872800000000002	1.7026000000000017	1.5610000000000015	1.6092000000000017	
196.0	2.024000000000002	2.0856000000000017	2.135200000000002	1.8400000000000016	1.9114000000000018	1.9532000000000016	1.7782000000000016	1.6252000000000015	1.6746000000000014	
197.0	2.0210000000000017	2.083000000000002	2.1414000000000017	1.8378000000000017	1.9044000000000016	1.9510000000000018	1.7686000000000017	1.6116000000000015	1.6748000000000016	
198.0	1.9652000000000016	2.0232000000000014	2.078400000000002	1.8112000000000017	1.8770000000000018	1.9204000000000017	1.7440000000000018	1.6108000000000016	1.6676000000000015	
199.0	2.018000000000002	2.065800000000002	2.105800000000002	1.8102000000000016	1.873800000000002	1.918000000000002	1.7532000000000016	1.6268000000000016	1.6706000000000012	
200.0	1.9758000000000016	2.0412000000000017	2.079800000000002	1.8140000000000016	1.8646000000000018	1.9090000000000018	1.7592000000000017	1.6230000000000013	1.6790000000000016	
201.0	1.988400000000002	2.041200000000002	2.091800000000002	1.8308000000000015	1.8844000000000016	1.930400000000002	1.7678000000000016	1.6372000000000015	1.6844000000000017	
202.0	1.888000000000002	1.9506000000000017	2.0018000000000016	1.7272000000000016	1.7960000000000016	1.8292000000000017	1.6718000000000015	1.5290000000000017	1.6020000000000014	
203.0	1.9342000000000017	2.010000000000002	2.0486000000000018	1.7586000000000017	1.8128000000000017	1.8460000000000019	1.6942000000000017	1.5662000000000014	1.6246000000000016	
204.0	1.9656000000000018	2.031800000000002	2.083000000000002	1.7938000000000016	1.8506000000000018	1.898000000000002	1.7112000000000016	1.5752000000000017	1.6310000000000016	
205.0	1.8932000000000015	1.9568000000000016	1.9950000000000019	1.7210000000000016	1.7812000000000017	1.8170000000000017	1.6696000000000017	1.5390000000000017	1.5888000000000015	
206.0	1.905400000000002	1.9792000000000016	2.0324000000000018	1.7394000000000014	1.8000000000000018	1.8390000000000015	1.6668000000000016	1.5246000000000015	1.5930000000000013	
207.0	1.9240000000000017	2.011200000000002	2.067000000000002	1.7788000000000017	1.8438000000000019	1.881400000000002	1.7124000000000015	1.6042000000000016	1.6558000000000015	
208.0	1.9384000000000017	2.0088000000000017	2.0542000000000016	1.7638000000000016	1.8248000000000015	1.8634000000000017	1.6862000000000017	1.5484000000000016	1.5964000000000014	
209.0	1.973800000000002	2.0530000000000017	2.1192000000000015	1.8008000000000015	1.8520000000000019	1.8932000000000015	1.7144000000000017	1.5792000000000015	1.6352000000000015	
210.0	2.002000000000002	2.0832000000000015	2.135600000000002	1.8438000000000019	1.8912000000000015	1.9228000000000016	1.7254000000000014	1.5772000000000015	1.6420000000000017	
211.0	1.9340000000000017	2.0016000000000016	2.0582000000000016	1.7626000000000017	1.8096000000000014	1.8522000000000016	1.6748000000000016	1.5216000000000014	1.5786000000000016	
212.0	2.013400000000002	2.096000000000002	2.1456000000000017	1.8414000000000017	1.8870000000000018	1.9350000000000018	1.7430000000000017	1.5756000000000017	1.6406000000000018	
213.0	1.9640000000000017	2.019600000000002	2.069800000000002	1.7824000000000018	1.8308000000000015	1.8746000000000018	1.7182000000000017	1.5724000000000014	1.6254000000000017	
214.0	1.916000000000002	1.9856000000000018	2.023600000000002	1.7228000000000014	1.7788000000000017	1.8378000000000017	1.6698000000000015	1.5320000000000016	1.5796000000000014	
215.0	1.9466000000000017	1.9986000000000017	2.0418000000000016	1.7598000000000016	1.8090000000000015	1.8484000000000018	1.6792000000000016	1.5358000000000016	1.6068000000000016	
216.0	1.9654000000000018	2.0376000000000016	2.095200000000002	1.7988000000000017	1.8564000000000016	1.894000000000002	1.7252000000000016	1.5832000000000015	1.6378000000000015	
217.0	2.023000000000002	2.079400000000002	2.1482000000000014	1.8566000000000018	1.9166000000000016	1.9584000000000017	1.7864000000000018	1.6498000000000015	1.6948000000000016	
218.0	1.9638000000000018	2.036000000000002	2.090200000000002	1.8010000000000015	1.8508000000000018	1.9072000000000016	1.7438000000000016	1.5802000000000016	1.6414000000000015	
219.0	1.972200000000002	2.0404000000000018	2.098800000000002	1.8124000000000016	1.8676000000000017	1.9068000000000016	1.7456000000000018	1.6012000000000017	1.6562000000000017	
220.0	1.9430000000000018	2.0022000000000015	2.031600000000002	1.7768000000000015	1.821400000000002	1.8630000000000018	1.7094000000000014	1.5850000000000013	1.6290000000000016	
221.0	1.9376000000000018	2.016000000000002	2.0756000000000023	1.7812000000000017	1.8450000000000017	1.8992000000000016	1.7294000000000014	1.5850000000000015	1.6416000000000015	
222.0	1.9886000000000017	2.055600000000002	2.1172000000000017	1.7746000000000017	1.8344000000000016	1.8838000000000017	1.6956000000000016	1.5774000000000015	1.6242000000000016	
223.0	1.938400000000002	1.9956000000000018	2.047800000000002	1.7604000000000015	1.8188000000000015	1.8654000000000017	1.6940000000000013	1.5608000000000015	1.6260000000000017	
224.0	1.9540000000000015	2.0216000000000016	2.064800000000002	1.7844000000000018	1.839400000000002	1.8968000000000018	1.7198000000000015	1.5868000000000015	1.6334000000000015	
225.0	1.9828000000000017	2.043600000000002	2.097200000000002	1.8118000000000016	1.8644000000000016	1.9272000000000016	1.7466000000000017	1.6078000000000015	1.6668000000000016	
226.0	1.9238000000000017	1.992200000000002	2.0488000000000017	1.7406000000000015	1.7998000000000016	1.8416000000000017	1.6740000000000013	1.5532000000000015	1.6130000000000015	
227.0	1.986600000000002	2.0386000000000015	2.0912000000000015	1.7802000000000016	1.8424000000000016	1.8902000000000017	1.7080000000000013	1.5734000000000015	1.6308000000000016	
228.0	1.9512000000000016	2.023800000000002	2.075400000000002	1.7960000000000016	1.8450000000000017	1.8818000000000017	1.7212000000000016	1.5852000000000017	1.6372000000000015	
229.0	1.9480000000000017	2.0124000000000017	2.082800000000002	1.7688000000000015	1.8166000000000018	1.8620000000000019	1.7156000000000018	1.5774000000000015	1.6366000000000016	
230.0	1.9760000000000018	2.043400000000002	2.095800000000002	1.8062000000000016	1.8468000000000016	1.8942000000000017	1.7174000000000016	1.5790000000000015	1.6446000000000014	
231.0	1.9238000000000015	2.0138000000000016	2.054600000000002	1.7688000000000015	1.8234000000000017	1.8634000000000017	1.6968000000000016	1.5618000000000016	1.6138000000000015	
232.0	2.059000000000002	2.1136000000000017	2.168400000000002	1.8692000000000015	1.9228000000000018	1.9734000000000018	1.7952000000000017	1.6604000000000014	1.7166000000000017	
233.0	1.9810000000000019	2.075000000000002	2.116800000000002	1.8364000000000014	1.8938000000000015	1.939400000000002	1.7482000000000015	1.6180000000000014	1.6790000000000016	
234.0	2.004000000000002	2.0702000000000016	2.126600000000002	1.8556000000000017	1.901400000000002	1.9386000000000017	1.7678000000000016	1.6558000000000015	1.6992000000000016	
235.0	1.9750000000000019	2.042200000000002	2.111200000000002	1.8246000000000018	1.8636000000000017	1.9074000000000018	1.7560000000000018	1.6226000000000016	1.6700000000000015	
236.0	2.0144000000000015	2.072600000000002	2.118800000000002	1.8446000000000018	1.8978000000000015	1.9422000000000017	1.7836000000000016	1.6428000000000016	1.6956000000000018	
237.0	2.046400000000002	2.116200000000002	2.171000000000002	1.8580000000000019	1.8972000000000016	1.948200000000002	1.7754000000000016	1.6372000000000015	1.6852000000000016	
238.0	1.9514000000000018	2.010600000000002	2.0766000000000018	1.7408000000000015	1.8140000000000018	1.8660000000000019	1.7000000000000015	1.5628000000000015	1.6170000000000013	
239.0	2.010800000000002	2.0566000000000018	2.1060000000000016	1.8194000000000017	1.8684000000000016	1.9216000000000018	1.7534000000000016	1.6112000000000017	1.6630000000000016	
240.0	1.9950000000000019	2.0502000000000016	2.116000000000002	1.8176000000000017	1.8642000000000016	1.9082000000000017	1.7422000000000017	1.5960000000000014	1.6470000000000014	
241.0	1.9758000000000018	2.031000000000002	2.0902000000000016	1.8052000000000017	1.8484000000000016	1.9016000000000017	1.7416000000000018	1.6138000000000015	1.6624000000000014	
242.0	1.9386000000000017	1.994400000000002	2.040000000000002	1.7716000000000016	1.8294000000000017	1.8798000000000017	1.7018000000000015	1.5694000000000015	1.6174000000000015	
243.0	1.9354000000000018	1.9966000000000017	2.056800000000002	1.7614000000000014	1.8316000000000017	1.8842000000000017	1.6896000000000015	1.5534000000000014	1.5990000000000015	
244.0	1.9752000000000018	2.0302000000000016	2.082800000000002	1.7372000000000016	1.7936000000000016	1.8384000000000014	1.6640000000000013	1.5202000000000013	1.5760000000000014	
245.0	2.0250000000000017	2.089800000000002	2.135800000000002	1.8076000000000016	1.8710000000000018	1.9164000000000019	1.7358000000000016	1.5916000000000015	1.6680000000000013	
246.0	1.951800000000002	2.016800000000002	2.0604000000000013	1.7664000000000015	1.8166000000000018	1.8588000000000018	1.6968000000000016	1.5634000000000015	1.6210000000000013	
247.0	1.9908000000000017	2.028000000000002	2.072200000000002	1.7860000000000016	1.8318000000000019	1.8742000000000016	1.7126000000000017	1.5824000000000014	1.6262000000000016	
248.0	1.9890000000000019	2.051600000000002	2.094400000000002	1.7886000000000015	1.8448000000000015	1.8982000000000019	1.7330000000000017	1.5952000000000017	1.6562000000000017	
249.0	1.9876000000000018	2.054800000000002	2.0996000000000024	1.8090000000000015	1.8512000000000017	1.8956000000000017	1.7362000000000017	1.6282000000000016	1.6802000000000017	
250.0	1.9952000000000019	2.0618000000000016	2.109800000000002	1.8170000000000015	1.8688000000000018	1.9156000000000017	1.7558000000000016	1.6364000000000014	1.6938000000000015	
251.0	2.0512000000000015	2.1154000000000015	2.1644000000000023	1.8634000000000017	1.905400000000002	1.950200000000002	1.7988000000000017	1.6664000000000014	1.7252000000000016	
252.0	2.076000000000002	2.1404000000000023	2.178800000000002	1.8786000000000018	1.9366000000000017	1.9764000000000017	1.811400000000002	1.6862000000000017	1.7318000000000016	
253.0	2.0136000000000016	2.0820000000000016	2.127800000000002	1.8094000000000017	1.881400000000002	1.9216000000000018	1.7604000000000015	1.6204000000000014	1.6868000000000016	
254.0	2.024600000000002	2.0712000000000015	2.1196000000000024	1.8396000000000015	1.8848000000000016	1.9202000000000017	1.7610000000000017	1.6272000000000015	1.6850000000000016	
255.0	2.0442000000000022	2.1050000000000018	2.1582000000000017	1.8704000000000018	1.9314000000000018	1.9754000000000016	1.8152000000000017	1.6684000000000014	1.7248000000000014	
256.0	2.0418000000000016	2.092600000000002	2.1340000000000017	1.8444000000000016	1.9020000000000017	1.9548000000000019	1.7840000000000014	1.6520000000000017	1.6984000000000015	
257.0	2.051000000000002	2.123000000000002	2.1754000000000024	1.8868000000000016	1.9402000000000017	1.9828000000000017	1.8040000000000016	1.6586000000000014	1.7238000000000016	
258.0	2.0034000000000014	2.085800000000002	2.133600000000002	1.8154000000000017	1.8732000000000015	1.9288000000000016	1.7476000000000018	1.6142000000000016	1.6686000000000016	
259.0	2.010800000000002	2.079000000000002	2.1204000000000014	1.7996000000000014	1.8544000000000014	1.9110000000000018	1.7320000000000015	1.6010000000000015	1.6472000000000016	
260.0	2.020200000000002	2.0886000000000022	2.1460000000000017	1.8002000000000018	1.8650000000000018	1.9046000000000016	1.7354000000000014	1.5942000000000016	1.6522000000000017	
261.0	1.9766000000000017	2.0486000000000018	2.105400000000002	1.7702000000000016	1.8350000000000017	1.890000000000002	1.7398000000000016	1.6066000000000016	1.6558000000000015	
262.0	1.9908000000000017	2.0462000000000016	2.1174000000000017	1.7956000000000016	1.8560000000000016	1.916000000000002	1.7434000000000016	1.5920000000000014	1.6574000000000018	
263.0	1.9726000000000017	2.025800000000002	2.0736000000000017	1.7902000000000016	1.8442000000000016	1.8940000000000017	1.7366000000000017	1.5916000000000015	1.6522000000000017	
264.0	1.9010000000000016	1.9708000000000014	2.0348000000000015	1.7364000000000017	1.7968000000000015	1.8384000000000016	1.6910000000000014	1.5676000000000012	1.6110000000000015	
265.0	1.9246000000000016	2.007800000000002	2.047600000000002	1.7524000000000015	1.8200000000000016	1.8736000000000017	1.6992000000000016	1.5612000000000015	1.6050000000000015	
266.0	1.9346000000000017	1.9736000000000018	2.0170000000000017	1.7430000000000014	1.7944000000000015	1.8444000000000016	1.6802000000000017	1.5486000000000013	1.5976000000000015	
267.0	1.8992000000000016	1.980600000000002	2.034400000000002	1.7496000000000016	1.8056000000000016	1.8582000000000016	1.6936000000000015	1.5598000000000016	1.6054000000000015	
268.0	1.9800000000000015	2.052800000000002	2.1052000000000017	1.8270000000000017	1.8822000000000016	1.9272000000000016	1.7720000000000018	1.6296000000000017	1.6790000000000014	
269.0	2.0006000000000017	2.078800000000002	2.126800000000002	1.8290000000000015	1.8814000000000017	1.9380000000000017	1.7490000000000019	1.6050000000000013	1.6536000000000017	
270.0	2.015600000000002	2.080800000000002	2.1262000000000016	1.8216000000000017	1.878000000000002	1.9240000000000017	1.7340000000000015	1.5936000000000015	1.6422000000000017	
271.0	2.0244000000000018	2.0834000000000024	2.1380000000000017	1.8272000000000017	1.8848000000000018	1.9206000000000016	1.7482000000000013	1.6412000000000015	1.6808000000000016	
272.0	1.9868000000000015	2.0622000000000016	2.124600000000002	1.8028000000000015	1.8706000000000018	1.9188000000000018	1.7302000000000017	1.5832000000000017	1.6502000000000017	
273.0	2.0256000000000016	2.0814000000000017	2.135400000000002	1.8524000000000014	1.8938000000000015	1.9358000000000017	1.7738000000000016	1.6154000000000015	1.6834000000000016	
274.0	1.9826000000000017	2.071400000000002	2.1202000000000014	1.8138000000000016	1.875400000000002	1.918200000000002	1.7408000000000017	1.5938000000000014	1.6610000000000016	
275.0	1.9666000000000017	2.022000000000002	2.0700000000000016	1.8042000000000016	1.8592000000000017	1.9158000000000015	1.7540000000000018	1.6306000000000018	1.6882000000000017	
276.0	1.972000000000002	2.030200000000002	2.069800000000002	1.8030000000000015	1.8672000000000017	1.9152000000000016	1.7510000000000017	1.6268000000000016	1.6854000000000016	
277.0	1.9564000000000017	2.0122000000000018	2.066400000000002	1.8236000000000017	1.8590000000000018	1.9072000000000016	1.7556000000000018	1.6124000000000014	1.6828000000000016	
278.0	1.9726000000000017	2.045600000000002	2.094800000000002	1.8106000000000015	1.8682000000000016	1.9216000000000018	1.750400000000002	1.6262000000000016	1.6748000000000016	
279.0	1.9290000000000016	1.9916000000000018	2.057800000000002	1.7878000000000016	1.8452000000000017	1.8860000000000017	1.7222000000000017	1.6022000000000016	1.6468000000000014	
280.0	2.052000000000002	2.1140000000000017	2.1660000000000017	1.884000000000002	1.9310000000000018	1.9672000000000018	1.8094000000000015	1.6848000000000016	1.7272000000000016	
281.0	2.0046000000000017	2.0764000000000014	2.129600000000002	1.8702000000000016	1.9190000000000018	1.9640000000000017	1.8042000000000016	1.6672000000000016	1.7148000000000017	
282.0	2.0168000000000017	2.077200000000002	2.1256000000000017	1.8596000000000017	1.9008000000000016	1.9388000000000016	1.7752000000000017	1.6508000000000016	1.6954000000000014	
283.0	2.0712000000000015	2.149000000000002	2.221600000000002	1.9184000000000017	1.9766000000000017	2.0142000000000015	1.8618000000000017	1.7320000000000015	1.7858000000000016	
284.0	2.015000000000002	2.077200000000002	2.116400000000002	1.8236000000000017	1.8716000000000017	1.9132000000000016	1.7438000000000016	1.6170000000000015	1.6700000000000015	
285.0	2.010800000000002	2.0688000000000017	2.127000000000002	1.8342000000000016	1.8954000000000018	1.9420000000000017	1.7812000000000017	1.6598000000000015	1.7004000000000015	
286.0	2.0000000000000018	2.0674000000000015	2.1010000000000018	1.8118000000000016	1.8702000000000016	1.9112000000000016	1.7576000000000018	1.6424000000000014	1.6854000000000016	
287.0	2.0222000000000016	2.0854000000000017	2.1304000000000025	1.8564000000000016	1.912000000000002	1.9488000000000019	1.7874000000000017	1.6688000000000016	1.7134000000000014	
288.0	1.9950000000000019	2.0450000000000017	2.090800000000002	1.8214000000000015	1.8656000000000017	1.9192000000000016	1.7698000000000016	1.6494000000000015	1.6898000000000015	
289.0	1.9506000000000017	2.027600000000002	2.063400000000002	1.7724000000000018	1.8226000000000018	1.8602000000000016	1.7152000000000016	1.6154000000000015	1.6566000000000016	
290.0	2.013800000000002	2.0822000000000016	2.120800000000002	1.8578000000000015	1.8924000000000016	1.940400000000002	1.791000000000002	1.6632000000000016	1.7198000000000015	
291.0	2.046200000000002	2.107000000000002	2.165400000000002	1.9020000000000017	1.9386000000000017	1.9770000000000019	1.8274000000000017	1.6936000000000018	1.7474000000000016	
292.0	2.027200000000002	2.0862000000000016	2.1242000000000014	1.8782000000000016	1.925400000000002	1.9574000000000014	1.8208000000000018	1.6780000000000015	1.7232000000000016	
293.0	1.9856000000000018	2.029400000000002	2.076000000000002	1.8064000000000018	1.8502000000000016	1.8864000000000014	1.7448000000000015	1.6032000000000015	1.6484000000000014	
294.0	1.982600000000002	2.052000000000002	2.101600000000002	1.8414000000000017	1.8864000000000014	1.9286000000000016	1.7798000000000016	1.6598000000000013	1.7028000000000016	
295.0	1.9396000000000018	2.0138000000000016	2.071000000000002	1.7918000000000018	1.8386000000000018	1.8844000000000016	1.7488000000000015	1.6268000000000016	1.6736000000000018	
296.0	2.011000000000002	2.0592000000000015	2.1052000000000017	1.8272000000000017	1.8734000000000017	1.9044000000000019	1.7596000000000018	1.6352000000000015	1.6820000000000017	
297.0	2.0248000000000017	2.0804000000000014	2.148000000000002	1.8864000000000014	1.9408000000000019	1.9874000000000016	1.8184000000000013	1.7018000000000015	1.7556000000000018	
298.0	1.9696000000000018	2.0370000000000017	2.103400000000002	1.8246000000000018	1.8720000000000019	1.909400000000002	1.753000000000002	1.6144000000000014	1.6624000000000014	
299.0	1.9796000000000018	2.068000000000002	2.121800000000002	1.8386000000000018	1.8890000000000018	1.9384000000000017	1.7998000000000018	1.6748000000000016	1.7342000000000017	
300.0	2.003600000000002	2.0656000000000017	2.1254000000000017	1.8584000000000014	1.9086000000000016	1.9408000000000019	1.7946000000000017	1.6372000000000015	1.7034000000000014	
301.0	2.0452000000000017	2.115400000000002	2.1822000000000017	1.8782000000000016	1.9350000000000016	1.9716000000000018	1.8222000000000016	1.6826000000000016	1.7406000000000017	
302.0	1.9552000000000016	2.039600000000002	2.092000000000002	1.8308000000000018	1.8754000000000017	1.9130000000000018	1.7540000000000016	1.6336000000000015	1.6796000000000018	
303.0	2.0096000000000016	2.0700000000000016	2.116600000000002	1.8468000000000016	1.9030000000000016	1.9400000000000017	1.7848000000000017	1.6596000000000015	1.7274000000000014	
304.0	1.9690000000000019	2.023200000000002	2.0716000000000023	1.8270000000000015	1.8790000000000016	1.9144000000000017	1.7496000000000016	1.6112000000000015	1.6832000000000016	
305.0	1.9994000000000018	2.067000000000002	2.107400000000002	1.8200000000000016	1.8632000000000017	1.9038000000000017	1.757000000000002	1.6546000000000014	1.6902000000000017	
306.0	2.054800000000002	2.115400000000002	2.161000000000002	1.8764000000000016	1.9222000000000017	1.9552000000000016	1.7992000000000017	1.6750000000000014	1.7282000000000017	
307.0	1.9376000000000018	2.0082000000000018	2.073800000000002	1.7658000000000016	1.8284000000000014	1.8688000000000016	1.7154000000000014	1.5792000000000015	1.6272000000000015	
308.0	2.073800000000002	2.1526000000000023	2.2206000000000023	1.910000000000002	1.9560000000000017	2.0096000000000016	1.8562000000000016	1.7160000000000017	1.7764000000000018	
309.0	1.9812000000000018	2.042400000000002	2.088400000000002	1.8256000000000017	1.8740000000000019	1.9118000000000017	1.7686000000000017	1.6480000000000015	1.7002000000000017	
310.0	2.0164000000000017	2.0996000000000024	2.147800000000002	1.869400000000002	1.9164000000000017	1.9540000000000017	1.7992000000000017	1.6704000000000014	1.7162000000000017	
311.0	1.9972000000000019	2.0608000000000017	2.099400000000002	1.8242000000000016	1.8768000000000016	1.9178000000000017	1.7706000000000017	1.6494000000000015	1.7020000000000017	
312.0	2.031800000000002	2.1192000000000015	2.1566000000000023	1.8970000000000018	1.940400000000002	1.971600000000002	1.8236000000000017	1.7086000000000015	1.7634000000000014	
313.0	1.9150000000000018	1.9694000000000018	2.010000000000002	1.7508000000000015	1.7950000000000015	1.8274000000000017	1.6800000000000015	1.5664000000000013	1.6094000000000015	
314.0	1.9978000000000018	2.0462000000000016	2.089200000000002	1.8082000000000018	1.8542000000000018	1.892000000000002	1.7452000000000016	1.6306000000000018	1.6754000000000016	
315.0	1.9856000000000018	2.051000000000002	2.1134000000000017	1.8222000000000016	1.8852000000000015	1.9216000000000018	1.7748000000000017	1.6552000000000016	1.7054000000000014	
316.0	1.9746000000000017	2.0344000000000015	2.0934000000000017	1.8374000000000015	1.8858000000000015	1.9248000000000018	1.7734000000000014	1.6324000000000016	1.6848000000000016	
317.0	1.9814000000000018	2.0432000000000015	2.0974000000000017	1.8338000000000017	1.8964000000000016	1.9288000000000018	1.767000000000002	1.6286000000000016	1.6772000000000016	
318.0	2.019200000000002	2.0826000000000016	2.1300000000000017	1.8766000000000018	1.9320000000000017	1.9686000000000017	1.8228000000000018	1.6988000000000016	1.7400000000000018	
319.0	1.9684000000000015	2.0290000000000017	2.073600000000002	1.8214000000000015	1.8670000000000018	1.8988000000000018	1.7590000000000017	1.6104000000000014	1.6584000000000014	
320.0	2.0250000000000017	2.0708000000000015	2.110400000000002	1.8346000000000018	1.8812000000000015	1.9360000000000015	1.7680000000000016	1.6250000000000013	1.6800000000000015	
321.0	2.023600000000002	2.086400000000002	2.113600000000002	1.8556000000000017	1.9038000000000015	1.9372000000000016	1.7816000000000014	1.6814000000000016	1.7194000000000016	
322.0	2.095400000000002	2.149800000000002	2.1822000000000017	1.9104000000000017	1.9556000000000018	1.9850000000000019	1.8318000000000016	1.7062000000000017	1.7562000000000015	
323.0	2.0332000000000017	2.083800000000002	2.116800000000002	1.8734000000000017	1.9172000000000016	1.9442000000000017	1.8030000000000015	1.6898000000000015	1.7354000000000016	
324.0	2.010000000000002	2.073800000000002	2.1096000000000017	1.8566000000000018	1.8968000000000016	1.9360000000000015	1.795000000000002	1.6892000000000016	1.7334000000000014	
325.0	2.019600000000002	2.070200000000002	2.1084000000000023	1.8402000000000016	1.8982000000000017	1.9346000000000017	1.7978000000000018	1.6634000000000015	1.7154000000000014	
326.0	1.9594000000000016	2.035600000000002	2.0866000000000016	1.8070000000000017	1.8450000000000015	1.8842000000000017	1.7484000000000015	1.6238000000000015	1.6744000000000014	
327.0	2.007400000000002	2.0768000000000018	2.1152000000000015	1.8530000000000018	1.9110000000000018	1.943800000000002	1.8068000000000015	1.6842000000000017	1.7318000000000016	
328.0	2.076000000000002	2.1374000000000017	2.173000000000002	1.918000000000002	1.9598000000000018	1.9954000000000018	1.841400000000002	1.7116000000000018	1.7622000000000015	
329.0	2.007800000000002	2.0612000000000017	2.1010000000000018	1.8284000000000014	1.8730000000000016	1.9142000000000017	1.7638000000000016	1.6476000000000013	1.6908000000000016	
330.0	2.0408000000000017	2.111400000000002	2.160600000000002	1.8878000000000017	1.9336000000000018	1.9860000000000018	1.8366000000000018	1.7160000000000017	1.7586000000000017	
331.0	2.013600000000002	2.063800000000002	2.1066000000000016	1.8512000000000017	1.9086000000000016	1.9410000000000018	1.7840000000000016	1.6618000000000015	1.7080000000000013	
332.0	2.0328000000000017	2.074400000000002	2.1170000000000018	1.8592000000000017	1.9032000000000016	1.9424000000000017	1.8016000000000016	1.6734000000000016	1.7142000000000017	
333.0	2.096800000000002	2.1644000000000014	2.200600000000002	1.921800000000002	1.9610000000000019	1.9984000000000017	1.8564000000000016	1.7256000000000018	1.7740000000000016	
334.0	1.978600000000002	2.030000000000002	2.074200000000002	1.8190000000000017	1.8628000000000018	1.893400000000002	1.7476000000000016	1.6334000000000015	1.6806000000000016	
335.0	2.024000000000002	2.0852000000000017	2.1362000000000014	1.8740000000000019	1.9202000000000017	1.9504000000000017	1.7906000000000017	1.6726000000000016	1.7274000000000016	
336.0	1.9848000000000015	2.0444000000000018	2.0932000000000017	1.8382000000000016	1.8856000000000017	1.9204000000000019	1.7538000000000016	1.6232000000000013	1.6790000000000016	
337.0	1.9670000000000019	2.029800000000002	2.076200000000002	1.7796000000000014	1.835400000000002	1.8760000000000017	1.7280000000000015	1.5942000000000016	1.6456000000000017	
338.0	2.0178000000000016	2.077600000000002	2.1322000000000014	1.8572000000000017	1.9144000000000017	1.9492000000000016	1.7664000000000015	1.6214000000000017	1.6836000000000015	
339.0	2.043400000000002	2.094600000000002	2.1546000000000016	1.8904000000000016	1.925400000000002	1.9688000000000014	1.7960000000000016	1.6566000000000014	1.7142000000000017	
340.0	2.020600000000002	2.080800000000002	2.119600000000002	1.8790000000000018	1.9250000000000018	1.9640000000000017	1.8026000000000018	1.6628000000000016	1.7152000000000016	
341.0	2.0482000000000022	2.087400000000002	2.141000000000002	1.8550000000000018	1.904200000000002	1.945400000000002	1.7904000000000015	1.6528000000000016	1.7044000000000015	
342.0	2.032800000000002	2.089800000000002	2.1302000000000016	1.8554000000000017	1.9092000000000016	1.9546000000000017	1.7934000000000017	1.650000000000002	1.7092000000000016	
343.0	1.9148000000000018	2.003800000000002	2.039000000000002	1.7630000000000017	1.8126000000000018	1.8498000000000014	1.6788000000000016	1.5530000000000013	1.5968000000000016	
344.0	2.020200000000002	2.071800000000002	2.123000000000002	1.8772000000000015	1.9162000000000017	1.9598000000000015	1.7926000000000017	1.6506000000000014	1.7190000000000019	
345.0	1.9362000000000017	2.010000000000002	2.047600000000002	1.7936000000000016	1.8530000000000018	1.8992000000000016	1.7344000000000017	1.5988000000000016	1.6554000000000015	
346.0	2.024000000000002	2.0886000000000022	2.134800000000002	1.8732000000000015	1.9162000000000017	1.962400000000002	1.7980000000000018	1.6680000000000015	1.7150000000000016	
347.0	1.9574000000000018	2.024800000000002	2.073800000000002	1.8128000000000017	1.8662000000000016	1.9050000000000018	1.7632000000000017	1.6344000000000014	1.7002000000000017	
348.0	1.9952000000000016	2.051000000000002	2.0942000000000016	1.8068000000000015	1.8538000000000014	1.8996000000000017	1.7338000000000016	1.5820000000000014	1.6546000000000016	
349.0	2.079000000000002	2.1424000000000016	2.1922000000000015	1.9182000000000017	1.9612000000000016	2.0054000000000016	1.8250000000000015	1.6896000000000015	1.7526000000000017	
350.0	2.0592000000000015	2.1292000000000018	2.1854000000000022	1.8768000000000018	1.9270000000000018	1.975800000000002	1.7906000000000015	1.6668000000000016	1.7226000000000017	
351.0	2.0044000000000017	2.059600000000002	2.114800000000002	1.8148000000000015	1.882000000000002	1.9268000000000016	1.7726000000000017	1.6198000000000015	1.6870000000000014	
352.0	1.9490000000000018	2.008000000000002	2.066800000000002	1.8078000000000016	1.8610000000000018	1.8958000000000017	1.7230000000000016	1.5714000000000015	1.6142000000000016	
353.0	1.9912000000000019	2.0532000000000017	2.1126000000000023	1.8290000000000017	1.8744000000000016	1.9260000000000017	1.7426000000000017	1.6160000000000017	1.6572000000000016	
354.0	2.0264000000000015	2.093800000000002	2.147200000000002	1.8546000000000018	1.9066000000000016	1.9510000000000018	1.7808000000000015	1.6550000000000014	1.7048000000000016	
355.0	1.948200000000002	2.0032000000000023	2.050600000000002	1.7794000000000014	1.8274000000000017	1.8660000000000019	1.7016000000000016	1.5796000000000014	1.6318000000000015	
356.0	2.011000000000002	2.0662000000000016	2.121400000000002	1.817200000000002	1.8584000000000016	1.8946000000000018	1.7300000000000015	1.5936000000000015	1.6442000000000017	
357.0	1.9352000000000016	1.9952000000000016	2.032800000000002	1.7748000000000015	1.8218000000000016	1.8612000000000017	1.7038000000000015	1.5690000000000013	1.6332000000000015	
358.0	2.014800000000002	2.0700000000000016	2.1242000000000014	1.8442000000000016	1.8936000000000017	1.9286000000000016	1.7680000000000016	1.6400000000000017	1.7004000000000017	
359.0	1.9822000000000017	2.0446000000000017	2.0918000000000014	1.8212000000000017	1.8678000000000015	1.9042000000000017	1.7438000000000016	1.6184000000000014	1.6750000000000014	
360.0	1.9702000000000017	2.0418000000000016	2.0832000000000015	1.8198000000000016	1.8714000000000015	1.9202000000000017	1.7428000000000015	1.6092000000000017	1.6640000000000013	
361.0	2.039400000000002	2.099000000000002	2.1540000000000017	1.8912000000000018	1.9426000000000017	1.981800000000002	1.8342000000000016	1.6934000000000013	1.7590000000000017	
362.0	2.019400000000002	2.0846000000000022	2.131400000000002	1.8660000000000019	1.922000000000002	1.9540000000000017	1.7988000000000015	1.6678000000000015	1.7152000000000016	
363.0	2.0134000000000016	2.0902000000000016	2.1472000000000016	1.8678000000000017	1.9194000000000018	1.9542000000000017	1.7854000000000017	1.6540000000000017	1.7154000000000016	
364.0	2.0296000000000016	2.092400000000002	2.150200000000002	1.8464000000000016	1.8988000000000018	1.9344000000000017	1.7536000000000016	1.6086000000000016	1.6646000000000014	
365.0	1.9668000000000019	2.034400000000002	2.0762000000000023	1.7966000000000018	1.8576000000000017	1.8998000000000017	1.7400000000000015	1.5894000000000015	1.6508000000000016	
366.0	1.9790000000000019	2.047800000000002	2.0952000000000015	1.8296000000000017	1.8844000000000019	1.9198000000000015	1.7544000000000015	1.6148000000000016	1.6672000000000016	
367.0	1.9880000000000018	2.0650000000000017	2.1124000000000023	1.8080000000000018	1.8742000000000016	1.9128000000000016	1.7450000000000017	1.6056000000000015	1.6546000000000014	
368.0	2.0658000000000016	2.139600000000002	2.1790000000000016	1.8786000000000018	1.929400000000002	1.9730000000000019	1.8066000000000018	1.6714000000000018	1.7230000000000016	
369.0	1.9442000000000017	2.0064000000000015	2.052600000000002	1.775000000000002	1.8288000000000015	1.8620000000000019	1.7044000000000017	1.5746000000000016	1.6274000000000017	
370.0	2.0164000000000017	2.069800000000002	2.1224000000000025	1.8646000000000018	1.9064000000000016	1.9532000000000016	1.7854000000000014	1.6514000000000015	1.7104000000000015	
371.0	1.9834000000000018	2.0352000000000015	2.0814000000000012	1.8210000000000017	1.8534000000000015	1.8870000000000018	1.7380000000000015	1.6048000000000016	1.6682000000000017	
372.0	2.0610000000000017	2.113800000000002	2.159000000000002	1.8886000000000018	1.9310000000000018	1.9802000000000017	1.7926000000000017	1.6772000000000016	1.7366000000000017	
373.0	2.062400000000002	2.1186000000000016	2.1606000000000023	1.8892000000000015	1.932400000000002	1.9760000000000018	1.8136000000000017	1.6916000000000018	1.7442000000000015	
374.0	2.0588000000000015	2.103400000000002	2.145000000000002	1.867400000000002	1.9236000000000018	1.952400000000002	1.7870000000000017	1.6698000000000015	1.7142000000000017	
375.0	2.0292000000000017	2.0832000000000015	2.131400000000002	1.8398000000000017	1.8876000000000017	1.9314000000000018	1.7776000000000016	1.6530000000000016	1.6986000000000017	
376.0	2.127400000000002	2.180000000000002	2.224000000000002	1.9508000000000019	1.996200000000002	2.039800000000002	1.8692000000000015	1.7368000000000015	1.7866000000000015	
377.0	2.0164000000000017	2.061400000000002	2.122600000000002	1.8366000000000018	1.8858000000000015	1.9226000000000016	1.7612000000000017	1.6390000000000013	1.6814000000000016	
378.0	2.0312000000000014	2.095200000000002	2.139000000000002	1.8422000000000016	1.9046000000000016	1.9658000000000018	1.7998000000000016	1.6610000000000016	1.7080000000000015	
379.0	2.0526000000000018	2.108600000000002	2.156800000000002	1.8690000000000018	1.9138000000000015	1.9500000000000017	1.8032000000000017	1.6662000000000017	1.7118000000000015	
380.0	2.0132000000000017	2.0700000000000016	2.131400000000002	1.8272000000000017	1.8688000000000018	1.9264000000000017	1.7662000000000015	1.6340000000000017	1.6774000000000016	
381.0	2.043400000000002	2.116400000000002	2.169000000000002	1.8544000000000016	1.9116000000000017	1.9514000000000016	1.7826000000000017	1.6694000000000015	1.7124000000000017	
382.0	2.039000000000002	2.088400000000002	2.138600000000002	1.8592000000000017	1.9018000000000017	1.9428000000000019	1.7868000000000015	1.6712000000000016	1.7148000000000017	
383.0	2.068400000000002	2.1102000000000016	2.1580000000000017	1.8724000000000016	1.9124000000000017	1.9594000000000018	1.8120000000000018	1.6746000000000014	1.7288000000000014	
384.0	2.0000000000000018	2.045600000000002	2.0980000000000016	1.8332000000000017	1.8678000000000015	1.9094000000000018	1.7484000000000015	1.6332000000000015	1.6732000000000016	
385.0	2.0302000000000016	2.0996000000000024	2.149000000000002	1.8794000000000017	1.920000000000002	1.9588000000000019	1.7984000000000018	1.6640000000000017	1.7180000000000015	
386.0	1.9790000000000019	2.0330000000000017	2.0854000000000017	1.8066000000000018	1.8514000000000017	1.8862000000000017	1.7320000000000018	1.6168000000000016	1.6620000000000013	
387.0	2.036200000000002	2.096200000000002	2.139000000000002	1.8880000000000017	1.9284000000000017	1.9654000000000018	1.8194000000000017	1.6794000000000016	1.7280000000000015	
388.0	2.072200000000002	2.1312000000000015	2.185000000000002	1.9240000000000017	1.9714000000000016	2.008000000000002	1.8470000000000015	1.7238000000000016	1.7698000000000016	
389.0	1.9934000000000018	2.058600000000002	2.118800000000002	1.8112000000000017	1.8576000000000017	1.903600000000002	1.7502000000000015	1.6194000000000015	1.6586000000000014	
390.0	2.0632000000000015	2.122600000000002	2.182600000000002	1.884000000000002	1.9372000000000016	1.9850000000000019	1.8098000000000019	1.6432000000000015	1.6998000000000015	
391.0	2.0178000000000016	2.0686000000000018	2.1156000000000024	1.8276000000000017	1.8734000000000015	1.9104000000000014	1.7546000000000017	1.6434000000000015	1.6976000000000016	
392.0	2.0084000000000017	2.0712000000000015	2.1130000000000018	1.8342000000000018	1.8828000000000016	1.9276000000000018	1.7786000000000015	1.6334000000000015	1.6746000000000014	
393.0	1.978200000000002	2.0290000000000017	2.075600000000002	1.8260000000000016	1.8610000000000018	1.8942000000000017	1.7384000000000015	1.6074000000000015	1.6506000000000014	
394.0	2.052800000000002	2.097600000000002	2.1482000000000014	1.8888000000000016	1.933400000000002	1.9700000000000017	1.8252000000000017	1.6980000000000015	1.7502000000000015	
395.0	2.1036000000000024	2.160800000000002	2.2032000000000016	1.9116000000000017	1.9690000000000019	2.006200000000002	1.8476000000000017	1.7214000000000014	1.7594000000000014	
396.0	2.022000000000002	2.080600000000002	2.131400000000002	1.8780000000000017	1.9384000000000017	1.9730000000000019	1.8166000000000018	1.6796000000000018	1.7368000000000015	
397.0	1.9776000000000018	2.048000000000002	2.100800000000002	1.8368000000000018	1.8886000000000018	1.930800000000002	1.7776000000000016	1.6362000000000017	1.6884000000000017	
398.0	2.023000000000002	2.0776000000000017	2.127400000000002	1.8628000000000016	1.9096000000000017	1.9442000000000017	1.7886000000000017	1.6522000000000017	1.7100000000000015	
399.0	2.027200000000002	2.079400000000002	2.134600000000002	1.8772000000000015	1.9308000000000016	1.9634000000000018	1.8034000000000014	1.6884000000000017	1.7342000000000015	
400.0	1.920000000000002	1.9844000000000017	2.0448000000000017	1.7550000000000017	1.8110000000000015	1.8578000000000015	1.6970000000000016	1.5702000000000016	1.6194000000000015	
